	Force Plate 1												Force Plate 2
Sample #	COP:X	COP:Y	COP:Z	Ref:X	Ref:Y	Ref:Z	Force:X	Force:Y	Force:Z	Moment:X	Moment:Y	Moment:Z	COP:X	COP:Y	COP:Z	Ref:X	Ref:Y	Ref:Z	Force:X	Force:Y	Force:Z	Moment:X	Moment:Y	Moment:Z
1	282.368439	257.384715	0.000000	254.000000	232.000000	0.000000	-6.149400	-5.527800	727.882210	18477.082531	-20648.882114	-38.486633	0	0	0	765.000000	232.000000	0.000000	0.135360	-0.291460	4.008400	80.960527	-169.862748	-339.091033
2	285.062044	258.953523	0.000000	254.000000	232.000000	0.000000	-5.550000	-5.439000	721.803310	19455.142353	-22420.685873	68.081373	0	0	0	765.000000	232.000000	0.000000	0.496320	-0.381140	3.552900	-109.993557	-324.436085	-274.523297
3	285.932292	258.768753	0.000000	254.000000	232.000000	0.000000	-7.770000	-5.772000	723.389110	19364.224482	-23099.472476	46.271512	0	0	0	765.000000	232.000000	0.000000	0.406080	-0.493240	2.824100	101.730555	-348.296146	-188.644823
4	288.335800	260.549347	0.000000	254.000000	232.000000	0.000000	-7.015200	-6.815400	716.957810	20468.677335	-24617.319698	228.467901	0	0	0	765.000000	232.000000	0.000000	0.428640	-0.269040	4.099500	-105.852150	-397.699107	-295.929128
5	288.516372	260.713283	0.000000	254.000000	232.000000	0.000000	-8.968800	-8.302800	718.103110	20619.098055	-24786.314031	184.478771	0	0	0	765.000000	232.000000	0.000000	0.135360	-0.381140	3.188500	-81.705700	-168.901005	-188.617828
6	289.936080	261.974855	0.000000	254.000000	232.000000	0.000000	-8.191800	-8.325000	717.486410	21506.551131	-25783.649293	268.799575	0	0	0	765.000000	232.000000	0.000000	0.157920	-0.381140	3.279600	12.083131	-235.727183	-210.120320
7	290.097323	261.227249	0.000000	254.000000	232.000000	0.000000	-9.745800	-8.258400	719.424610	21026.802380	-25969.302655	77.931190	0	0	0	765.000000	232.000000	0.000000	0.112800	-0.134520	4.646100	-25.781067	-197.953456	-102.292451
8	291.509332	261.877304	0.000000	254.000000	232.000000	0.000000	-8.680200	-7.747800	716.429210	21404.973283	-26872.780842	95.483863	0	0	0	765.000000	232.000000	0.000000	0.586560	-0.313880	3.552900	-69.852522	-262.096341	-242.142769
9	291.490922	260.324470	0.000000	254.000000	232.000000	0.000000	-9.967800	-6.682200	720.481810	20407.265686	-27011.527157	-68.841062	0	0	0	765.000000	232.000000	0.000000	0.315840	-0.291460	2.550800	-87.360031	-306.847105	-199.198568
10	292.752642	260.551603	0.000000	254.000000	232.000000	0.000000	-8.791200	-5.905200	717.222110	20477.841135	-27794.251512	126.470881	0	0	0	765.000000	232.000000	0.000000	0.541440	-0.313880	5.010500	-14.120758	-299.679078	-242.160185
11	292.546608	259.348182	0.000000	254.000000	232.000000	0.000000	-10.411800	-5.083800	720.041310	19691.820918	-27755.150211	140.023774	0	0	0	765.000000	232.000000	0.000000	0.338400	-0.448400	4.463900	18.396954	-404.029090	-215.507350
12	293.747893	259.778537	0.000000	254.000000	232.000000	0.000000	-9.213000	-4.728600	717.750710	19938.064479	-28529.078363	339.810576	0	0	0	765.000000	232.000000	0.000000	0.541440	-0.381140	3.917300	-44.457418	-176.116149	-355.172881
13	293.400528	258.795819	0.000000	254.000000	232.000000	0.000000	-10.345200	-5.350200	719.688910	19284.653430	-28356.122898	224.488434	0	0	0	765.000000	232.000000	0.000000	0.225600	-0.403560	3.370700	1.795088	-351.336192	-210.120494
14	294.200907	259.794256	0.000000	254.000000	232.000000	0.000000	-8.502600	-5.505600	716.164910	19905.271069	-28790.478852	397.533418	0	0	0	765.000000	232.000000	0.000000	0.293280	-0.022420	4.099500	-11.835286	-25.601803	-268.803092
15	293.485618	259.228075	0.000000	254.000000	232.000000	0.000000	-9.412800	-6.637800	720.834210	19626.927886	-28462.584251	313.328276	0	0	0	765.000000	232.000000	0.000000	0.293280	0.112100	3.097400	-278.315189	-363.049555	-306.289900
16	294.644886	260.244295	0.000000	254.000000	232.000000	0.000000	-8.680200	-7.392600	719.072210	20309.687686	-29226.608278	437.720460	0	0	0	765.000000	232.000000	0.000000	0.609120	-0.179360	3.370700	19.882277	-215.727533	-252.731868
17	294.333091	259.711273	0.000000	254.000000	232.000000	0.000000	-9.457200	-8.058600	722.860510	20031.384864	-29155.198518	300.114709	0	0	0	765.000000	232.000000	0.000000	0.699360	-0.201780	4.190600	-9.451882	-257.817736	-252.723334
18	295.561506	260.618281	0.000000	254.000000	232.000000	0.000000	-9.168600	-8.325000	720.129410	20608.866131	-29929.662663	464.550523	0	0	0	765.000000	232.000000	0.000000	0.451200	0.022420	2.733000	65.492338	-143.004706	-279.445137
19	295.284856	259.672350	0.000000	254.000000	232.000000	0.000000	-10.589400	-8.613600	723.741510	20027.628401	-29879.563758	402.592248	0	0	0	765.000000	232.000000	0.000000	0.586560	-0.515660	3.552900	-30.774835	-299.721143	-306.913056
20	296.405169	260.787440	0.000000	254.000000	232.000000	0.000000	-9.701400	-9.146400	720.746110	20748.435113	-30563.360334	593.614480	0	0	0	765.000000	232.000000	0.000000	0.180480	0.224200	3.552900	26.098169	-406.235285	-354.602147
21	296.038515	260.252816	0.000000	254.000000	232.000000	0.000000	-10.767000	-10.389600	720.922310	20368.085506	-30306.503604	545.005414	0	0	0	765.000000	232.000000	0.000000	0.383520	-0.246620	3.917300	-123.676141	-198.203348	-301.298046
22	296.941597	260.818465	0.000000	254.000000	232.000000	0.000000	-9.634800	-11.344200	718.103110	20694.629057	-30836.494459	713.793653	0	0	0	765.000000	232.000000	0.000000	0.248160	0.201780	3.552900	62.757288	-136.083217	-381.491321
23	296.664701	260.202289	0.000000	254.000000	232.000000	0.000000	-10.522800	-12.365400	720.305610	20314.266809	-30731.623334	611.795745	0	0	0	765.000000	232.000000	0.000000	0.406080	0.179360	4.281700	-4.071304	-387.630712	-263.145063
24	296.777572	260.585699	0.000000	254.000000	232.000000	0.000000	-8.991000	-11.655000	720.129410	20585.402299	-30805.387895	767.045854	0	0	0	765.000000	232.000000	0.000000	0.496320	-0.067260	3.279600	52.417035	-342.927905	-241.888316
25	296.295137	259.013475	0.000000	254.000000	232.000000	0.000000	-9.945600	-11.144400	721.010410	19476.996531	-30495.233707	771.617062	0	0	0	765.000000	232.000000	0.000000	0.406080	-0.493240	4.828300	-96.073457	-228.366467	-306.956423
26	296.830852	259.269251	0.000000	254.000000	232.000000	0.000000	-8.569200	-10.922400	717.398310	19562.914671	-30726.780866	944.713438	0	0	0	765.000000	232.000000	0.000000	0.135360	0.246620	2.733000	-0.862069	-196.585305	-236.281665
27	295.975130	258.257612	0.000000	254.000000	232.000000	0.000000	-9.657000	-11.122200	718.984110	18878.805937	-30179.451333	949.364787	0	0	0	765.000000	232.000000	0.000000	0.406080	-0.448400	2.824100	-9.117282	-263.640342	-349.926226
28	296.520706	258.491948	0.000000	254.000000	232.000000	0.000000	-8.635800	-10.900200	714.402910	18925.924484	-30376.916210	984.728319	0	0	0	765.000000	232.000000	0.000000	0.225600	-0.224200	3.370700	-28.770679	-247.867987	-252.932504
29	295.881115	257.830876	0.000000	254.000000	232.000000	0.000000	-10.145400	-10.789200	716.429210	18505.994203	-30004.853957	878.303615	0	0	0	765.000000	232.000000	0.000000	0.406080	-0.807120	4.555000	-108.154668	-190.421085	-328.835804
30	296.446951	258.495413	0.000000	254.000000	232.000000	0.000000	-9.035400	-10.989000	713.433810	18902.723789	-30283.089675	918.130350	0	0	0	765.000000	232.000000	0.000000	0.293280	-0.336300	4.737200	-33.650542	-280.317236	-145.481873
31	296.204269	258.007443	0.000000	254.000000	232.000000	0.000000	-9.879000	-11.988000	716.693510	18639.365579	-30247.525928	629.432889	0	0	0	765.000000	232.000000	0.000000	0.473760	-0.470820	2.459700	-47.376701	-322.277847	-263.881600
32	296.506950	258.773278	0.000000	254.000000	232.000000	0.000000	-8.524800	-12.432000	716.781610	19190.593001	-30468.200345	744.801429	0	0	0	765.000000	232.000000	0.000000	0.022560	-0.156940	4.099500	11.089040	-353.714043	-161.509382
33	296.237532	258.560953	0.000000	254.000000	232.000000	0.000000	-9.235200	-13.808400	721.098510	19153.063874	-30457.421575	487.225851	0	0	0	765.000000	232.000000	0.000000	0.767040	-0.358720	2.824100	-165.136159	-240.030174	-360.437300
34	296.548554	259.992978	0.000000	254.000000	232.000000	0.000000	-8.103000	-14.407800	720.569910	20170.897707	-30659.207372	424.845665	0	0	0	765.000000	232.000000	0.000000	0.428640	-0.156940	2.733000	-72.825087	-264.409397	-242.019635
35	296.313407	259.761449	0.000000	254.000000	232.000000	0.000000	-9.013200	-14.851800	725.944010	20153.257663	-30717.164399	229.460463	0	0	0	765.000000	232.000000	0.000000	0.496320	-0.448400	3.461800	84.460562	-343.141626	-301.491193
36	297.030882	260.170323	0.000000	254.000000	232.000000	0.000000	-8.302800	-14.874000	724.622510	20412.849882	-31181.145451	127.102915	0	0	0	765.000000	232.000000	0.000000	0.000000	-0.067260	4.099500	-51.105842	-183.526521	-274.346695
37	297.288431	259.410696	0.000000	254.000000	232.000000	0.000000	-9.412800	-15.118200	728.146510	19959.002289	-31520.320265	-94.933308	0	0	0	765.000000	232.000000	0.000000	0.067680	-0.358720	2.641900	-5.565037	-363.162308	-301.551453
38	298.482628	259.686969	0.000000	254.000000	232.000000	0.000000	-8.680200	-14.585400	726.208310	20106.507221	-32303.653789	-184.004140	0	0	0	765.000000	232.000000	0.000000	0.541440	-0.493240	3.370700	35.842771	-297.755593	-247.748374
39	298.417454	259.172051	0.000000	254.000000	232.000000	0.000000	-9.768000	-15.096000	726.032110	19727.781288	-32248.497931	-392.687935	0	0	0	765.000000	232.000000	0.000000	0.315840	-0.022420	3.279600	63.540392	-439.388793	-306.438984
40	299.237151	259.352944	0.000000	254.000000	232.000000	0.000000	-8.791200	-14.141400	724.446310	19815.739374	-32771.886936	-357.375242	0	0	0	765.000000	232.000000	0.000000	0.564000	-0.134520	3.826200	-119.288582	-317.978210	-279.585687
41	299.099419	259.033388	0.000000	254.000000	232.000000	0.000000	-9.457200	-13.963800	729.027510	19708.083285	-32878.717477	-486.177905	0	0	0	765.000000	232.000000	0.000000	0.406080	-0.179360	3.097400	85.664568	-348.616727	-290.454842
42	299.648619	259.615670	0.000000	254.000000	232.000000	0.000000	-8.569200	-13.741800	730.789510	20181.241904	-33359.531754	-459.681064	0	0	0	765.000000	232.000000	0.000000	0.406080	-0.067260	3.735100	-41.582784	-330.552348	-274.189948
43	298.723748	259.235791	0.000000	254.000000	232.000000	0.000000	-9.168600	-13.142400	735.194510	20023.603964	-32880.653749	-410.729119	0	0	0	765.000000	232.000000	0.000000	0.676800	-0.538080	2.641900	156.354324	-264.531396	-177.837323
44	299.510593	259.791005	0.000000	254.000000	232.000000	0.000000	-8.214000	-12.520800	731.846710	20338.755823	-33306.777685	-335.380899	0	0	0	765.000000	232.000000	0.000000	0.090240	-0.560500	2.824100	-97.911272	-392.470544	-317.912833
45	299.024380	259.615210	0.000000	254.000000	232.000000	0.000000	-8.946600	-11.211000	731.141910	20190.637486	-32919.211314	-375.362480	0	0	0	765.000000	232.000000	0.000000	0.676800	0.089680	3.188500	-91.572841	-283.984959	-209.367760
46	299.591443	260.128575	0.000000	254.000000	232.000000	0.000000	-7.858800	-10.278600	729.820410	20528.807806	-33273.565697	-233.387431	0	0	0	765.000000	232.000000	0.000000	0.586560	-0.560500	3.370700	-154.416657	-290.101222	-323.099054
47	299.176473	259.758175	0.000000	254.000000	232.000000	0.000000	-8.791200	-9.124200	729.468010	20248.700457	-32954.791506	-224.426613	0	0	0	765.000000	232.000000	0.000000	0.428640	-0.269040	3.279600	-77.388470	-321.487761	-161.484129
48	299.238336	259.609568	0.000000	254.000000	232.000000	0.000000	-8.325000	-6.637800	729.115610	20130.567145	-32983.976935	-82.467104	0	0	0	765.000000	232.000000	0.000000	0.496320	-0.381140	4.008400	11.801814	-212.095982	-247.634297
49	298.327179	258.481763	0.000000	254.000000	232.000000	0.000000	-8.391600	-4.262400	731.846710	19380.590800	-32440.700153	-7.080478	0	0	0	765.000000	232.000000	0.000000	0.293280	-0.425980	2.368600	-73.747777	-268.132668	-161.720468
50	297.782470	258.025023	0.000000	254.000000	232.000000	0.000000	-7.636800	-1.309800	730.877610	19021.106595	-31999.627236	201.466232	0	0	0	765.000000	232.000000	0.000000	0.496320	-0.448400	2.733000	-65.376515	-238.818539	-323.002393
51	296.622728	256.768354	0.000000	254.000000	232.000000	0.000000	-8.236200	0.888000	733.873010	18176.826795	-31279.669491	192.505302	0	0	0	765.000000	232.000000	0.000000	0.338400	-0.582920	4.008400	154.085897	-318.838985	-247.931942
52	295.735608	255.883576	0.000000	254.000000	232.000000	0.000000	-6.615600	2.730600	737.220810	17607.469265	-30768.358515	232.079291	0	0	0	765.000000	232.000000	0.000000	0.157920	-0.022420	4.281700	53.771182	-142.840642	-215.077341
53	294.610160	253.933299	0.000000	254.000000	232.000000	0.000000	-7.015200	4.950600	743.211610	16301.082673	-30181.942472	267.531622	0	0	0	765.000000	232.000000	0.000000	0.135360	-0.448400	3.552900	-65.692996	-338.640053	-183.318924
54	294.424597	252.679449	0.000000	254.000000	232.000000	0.000000	-5.883000	8.569200	746.118910	15429.327591	-30161.556290	324.829002	0	0	0	765.000000	232.000000	0.000000	0.270720	-0.336300	3.461800	-126.982234	-277.945278	-290.691181
55	293.674422	250.528623	0.000000	254.000000	232.000000	0.000000	-5.616600	11.033400	747.616610	13852.306480	-29661.256665	275.690244	0	0	0	765.000000	232.000000	0.000000	0.022560	-0.201780	2.733000	84.934747	-267.455335	-263.740179
56	293.756217	249.055654	0.000000	254.000000	232.000000	0.000000	-4.995000	13.653000	743.828310	12686.478510	-29571.800041	235.366894	0	0	0	765.000000	232.000000	0.000000	0.293280	-0.493240	2.277500	-1.264852	-286.838209	-274.733164
57	293.590615	246.298533	0.000000	254.000000	232.000000	0.000000	-4.884000	15.806400	739.511410	10573.928472	-29277.711811	155.165194	0	0	0	765.000000	232.000000	0.000000	-0.067680	-0.313880	3.826200	-60.575616	-284.046401	-301.551105
58	294.210412	243.710055	0.000000	254.000000	232.000000	0.000000	-4.462200	19.402800	729.291810	8540.047124	-29325.123966	145.913667	0	0	0	765.000000	232.000000	0.000000	0.383520	-0.403560	3.370700	48.707086	-235.186988	-263.837537
59	294.999958	240.798525	0.000000	254.000000	232.000000	0.000000	-6.438000	21.889200	726.648810	6393.437901	-29792.571048	168.285521	0	0	0	765.000000	232.000000	0.000000	0.428640	-0.515660	3.006300	-161.917441	-236.511376	-269.329414
60	296.592096	238.344442	0.000000	254.000000	232.000000	0.000000	-6.682200	23.976000	723.036710	4587.264135	-30795.649267	283.731316	0	0	0	765.000000	232.000000	0.000000	0.338400	-0.224200	2.824100	65.264304	-289.231200	-236.755564
61	297.772405	235.469504	0.000000	254.000000	232.000000	0.000000	-8.058600	25.574399	717.662610	2489.933449	-31413.818631	274.954314	0	0	0	765.000000	232.000000	0.000000	0.157920	-0.358720	2.095300	13.410750	-318.993802	-258.494221
62	299.250941	233.311792	0.000000	254.000000	232.000000	0.000000	-8.702400	27.994199	707.707310	928.365012	-32024.421534	372.663398	0	0	0	765.000000	232.000000	0.000000	0.180480	-0.089680	3.006300	51.652050	-255.094917	-328.081329
63	300.483193	230.517418	0.000000	254.000000	232.000000	0.000000	-9.990000	29.437199	695.901910	-1031.731826	-32347.742795	461.673292	0	0	0	765.000000	232.000000	0.000000	0.293280	-0.336300	4.646100	13.296620	-308.428977	-285.304673
64	302.327065	228.046313	0.000000	254.000000	232.000000	0.000000	-10.300800	31.723799	684.272709	-2705.399851	-33068.891997	692.684763	0	0	0	765.000000	232.000000	0.000000	0.270720	-0.156940	2.459700	58.634000	-304.988416	-317.369792
65	304.046995	225.202750	0.000000	254.000000	232.000000	0.000000	-10.456200	34.276799	671.057709	-4561.347090	-33584.421834	1021.437731	0	0	0	765.000000	232.000000	0.000000	0.428640	-0.403560	4.281700	10.825842	-388.506627	-242.308920
66	306.842460	222.520494	0.000000	254.000000	232.000000	0.000000	-10.878000	36.496799	654.054409	-6200.112658	-34561.843744	1474.723963	0	0	0	765.000000	232.000000	0.000000	0.428640	-0.112100	3.735100	88.029852	-180.929056	-204.322438
67	309.997998	219.987182	0.000000	254.000000	232.000000	0.000000	-12.587400	37.318199	633.350909	-7608.329364	-35466.382787	1803.887409	0	0	0	765.000000	232.000000	0.000000	0.518880	-0.224200	4.190600	27.207237	-156.748415	-279.708298
68	313.876595	217.754143	0.000000	254.000000	232.000000	0.000000	-13.320000	36.430199	606.832808	-8644.853582	-36335.082520	2315.261673	0	0	0	765.000000	232.000000	0.000000	0.541440	-0.044840	3.370700	-3.042048	-222.505990	-263.355801
69	318.172469	215.247383	0.000000	254.000000	232.000000	0.000000	-14.829600	35.253599	578.640808	-9693.748065	-37132.809468	2724.559997	0	0	0	765.000000	232.000000	0.000000	0.248160	-0.650180	2.824100	29.960406	-266.915141	-339.468271
70	323.326181	213.230217	0.000000	254.000000	232.000000	0.000000	-16.539000	34.099199	549.655908	-10316.922268	-38105.544925	3053.881507	0	0	0	765.000000	232.000000	0.000000	0.157920	-0.089680	3.370700	13.981793	-179.396840	-220.534037
71	328.879004	210.881950	0.000000	254.000000	232.000000	0.000000	-18.337200	32.034599	517.587507	-10930.438630	-38756.436849	3347.731371	0	0	0	765.000000	232.000000	0.000000	0.541440	-0.112100	3.279600	69.440876	-307.054933	-166.634297
72	335.159477	209.443561	0.000000	254.000000	232.000000	0.000000	-19.869000	28.837799	486.047707	-10963.505275	-39447.377892	3548.280188	0	0	0	765.000000	232.000000	0.000000	0.270720	-0.515660	2.733000	53.983243	-267.684195	-247.879171
73	340.676395	207.074318	0.000000	254.000000	232.000000	0.000000	-20.579400	24.863999	456.798506	-11386.014469	-39593.647616	3624.287415	0	0	0	765.000000	232.000000	0.000000	0.180480	-0.156940	3.735100	-35.682300	-86.638192	-215.226425
74	346.225114	205.184843	0.000000	254.000000	232.000000	0.000000	-21.289800	22.688400	426.404006	-11434.090511	-39325.157850	3304.545770	0	0	0	765.000000	232.000000	0.000000	0.022560	-0.156940	4.555000	48.442815	-269.592541	-183.020582
75	352.320510	201.093205	0.000000	254.000000	232.000000	0.000000	-20.934600	19.447200	393.278405	-12154.975240	-38667.333285	2789.122887	0	0	0	765.000000	232.000000	0.000000	0.518880	-0.515660	2.550800	-189.888816	-248.886934	-312.316981
76	357.241014	196.886027	0.000000	254.000000	232.000000	0.000000	-21.001200	16.694400	360.329005	-12652.583066	-37200.731713	2398.194750	0	0	0	765.000000	232.000000	0.000000	0.135360	-0.269040	2.824100	-20.918249	-262.535568	-172.352935
77	361.307120	192.550455	0.000000	254.000000	232.000000	0.000000	-21.867000	14.607600	326.762905	-12890.648042	-35063.986336	2176.263201	0	0	0	765.000000	232.000000	0.000000	0.451200	-0.358720	2.459700	-89.936304	-255.558530	-226.114215
78	364.172340	187.171745	0.000000	254.000000	232.000000	0.000000	-22.288800	12.454200	289.496604	-12977.627624	-31894.518153	2092.054285	0	0	0	765.000000	232.000000	0.000000	0.000000	-0.381140	2.368600	-81.389218	-106.246572	-296.226077
79	365.734478	182.673852	0.000000	254.000000	232.000000	0.000000	-20.202000	9.079800	252.582703	-12458.931925	-28222.196548	1905.269039	0	0	0	765.000000	232.000000	0.000000	0.293280	0.246620	3.826200	111.304750	-109.937026	-327.643308
80	365.694012	178.540590	0.000000	254.000000	232.000000	0.000000	-16.317000	6.127200	218.135603	-11661.400543	-24364.440762	1793.700368	0	0	0	765.000000	232.000000	0.000000	0.496320	-0.201780	3.644000	-9.240894	-352.761547	-268.935108
81	360.885702	174.233483	0.000000	254.000000	232.000000	0.000000	-12.099000	4.129200	191.529403	-11063.986410	-20471.754586	1615.322051	0	0	0	765.000000	232.000000	0.000000	0.473760	-0.313880	3.006300	-3.964737	-285.294207	-258.319709
82	355.506381	174.439421	0.000000	254.000000	232.000000	0.000000	-9.701400	2.442000	173.028402	-9959.614996	-17563.486931	1539.472444	0	0	0	765.000000	232.000000	0.000000	0.924960	-0.269040	3.370700	-68.041235	-350.270942	-268.848549
83	345.843816	177.018697	0.000000	254.000000	232.000000	0.000000	-6.637800	-0.133200	169.416302	-9314.729059	-15559.839659	1285.777321	0	0	0	765.000000	232.000000	0.000000	0.383520	-0.156940	3.006300	58.423013	-262.978148	-344.215251
84	332.882674	180.362565	0.000000	254.000000	232.000000	0.000000	-4.018200	-3.751800	176.376202	-9107.614735	-13913.026428	1201.153375	0	0	0	765.000000	232.000000	0.000000	0.676800	-0.358720	5.466000	96.551256	-220.813063	-274.427333
85	321.186502	186.172876	0.000000	254.000000	232.000000	0.000000	-2.131200	-7.947600	187.564903	-8595.560027	-12601.829661	1050.028808	0	0	0	765.000000	232.000000	0.000000	0.203040	-0.336300	2.824100	-4.764887	-236.944710	-274.583906
86	310.005585	196.183891	0.000000	254.000000	232.000000	0.000000	-3.507600	-18.093000	215.845003	-7730.728160	-12088.525753	837.721302	0	0	0	765.000000	232.000000	0.000000	-0.090240	-0.381140	3.370700	-119.305627	-150.949379	-263.994109
87	301.584168	202.006776	0.000000	254.000000	232.000000	0.000000	-7.126200	-26.306999	251.613603	-7546.703102	-11972.823898	714.551672	0	0	0	765.000000	232.000000	0.000000	0.248160	-0.403560	4.372800	-7.974122	-296.950367	-317.667785
88	302.701735	203.700611	0.000000	254.000000	232.000000	0.000000	-13.297800	-25.396799	278.131704	-7870.957396	-13545.496400	266.613869	0	0	0	765.000000	232.000000	0.000000	0.654240	-0.291460	3.006300	-143.830252	-311.113925	-279.734945
89	306.560068	202.719705	0.000000	254.000000	232.000000	0.000000	-22.533000	-20.290800	302.271104	-8850.587153	-15887.389798	-741.193490	0	0	0	765.000000	232.000000	0.000000	0.315840	-0.224200	2.824100	8.969907	-335.386287	-209.875272
90	311.198491	202.015086	0.000000	254.000000	232.000000	0.000000	-32.833799	-16.272600	325.177104	-9750.407504	-18599.639754	-2117.662359	0	0	0	765.000000	232.000000	0.000000	0.248160	0.044840	4.190600	28.270585	-277.924246	-317.141812
91	312.825082	204.089229	0.000000	254.000000	232.000000	0.000000	-40.403999	-20.779200	344.559105	-9616.910336	-20268.717738	-3671.727106	0	0	0	765.000000	232.000000	0.000000	0.248160	-0.089680	1.822000	-51.097206	-340.989281	-220.499204
92	308.851889	208.283279	0.000000	254.000000	232.000000	0.000000	-35.719799	-27.372599	356.364505	-8451.797446	-19547.266173	-4663.254408	0	0	0	765.000000	232.000000	0.000000	0.721920	-0.560500	4.372800	-4.685075	-89.595763	-296.157805
93	299.772663	212.119483	0.000000	254.000000	232.000000	0.000000	-23.909400	-25.263599	367.641305	-7308.899047	-16827.921429	-4389.899937	0	0	0	765.000000	232.000000	0.000000	0.248160	0.134520	3.006300	-108.526353	-163.660657	-209.480618
94	292.861755	220.508906	0.000000	254.000000	232.000000	0.000000	-6.460200	-31.368599	398.123905	-4574.879042	-15471.793653	-5032.545172	0	0	0	765.000000	232.000000	0.000000	0.902400	-0.381140	3.097400	-91.052935	-264.418643	-312.011150
95	290.509159	233.904929	0.000000	254.000000	232.000000	0.000000	9.013200	-49.616999	457.767606	872.014757	-16712.710400	-6874.023216	0	0	0	765.000000	232.000000	0.000000	0.270720	-0.605340	2.641900	-24.522705	-276.983535	-258.739965
96	291.499646	245.127959	0.000000	254.000000	232.000000	0.000000	14.541000	-66.266999	517.323207	6791.397991	-19399.436898	-8567.203646	0	0	0	765.000000	232.000000	0.000000	0.360960	-0.515660	2.459700	-114.794455	-176.805268	-274.733338
97	289.723910	253.064895	0.000000	254.000000	232.000000	0.000000	9.412800	-76.057198	554.501408	11680.514046	-19808.958255	-8241.037983	0	0	0	765.000000	232.000000	0.000000	0.383520	-0.448400	2.824100	56.559515	-347.420231	-215.489934
98	284.437700	257.705662	0.000000	254.000000	232.000000	0.000000	4.573200	-78.965398	587.010308	15089.488351	-17867.243913	-6324.163323	0	0	0	765.000000	232.000000	0.000000	0.338400	-0.313880	3.006300	-163.465530	-355.288323	-290.638758
99	279.456767	261.687714	0.000000	254.000000	232.000000	0.000000	5.749800	-78.610198	629.386409	18685.043676	-16022.142920	-4208.577562	0	0	0	765.000000	232.000000	0.000000	0.112800	-0.336300	3.735100	41.795465	-450.852264	-204.707339
100	274.922261	264.882562	0.000000	254.000000	232.000000	0.000000	7.703400	-83.272198	684.184609	22497.743102	-14314.688757	-2603.901420	0	0	0	765.000000	232.000000	0.000000	0.541440	-0.515660	4.372800	-228.121707	11.473557	-280.041473
101	270.419356	265.465983	0.000000	254.000000	232.000000	0.000000	8.258400	-89.798998	755.369410	25279.179508	-12402.679550	-1616.686363	0	0	0	765.000000	232.000000	0.000000	0.360960	-0.224200	2.824100	-47.324490	-233.669912	-269.013655
102	266.464644	264.475973	0.000000	254.000000	232.000000	0.000000	9.879000	-89.421598	823.558811	26745.873627	-10265.367594	-1439.200153	0	0	0	765.000000	232.000000	0.000000	0.428640	-0.358720	4.281700	-43.727598	-125.133016	-279.900923
103	262.079686	263.617424	0.000000	254.000000	232.000000	0.000000	11.166600	-92.773798	877.828412	27754.672978	-7092.577606	-896.867286	0	0	0	765.000000	232.000000	0.000000	0.022560	-0.538080	2.915200	-22.016762	-314.700058	-317.912659
104	258.489990	263.199424	0.000000	254.000000	232.000000	0.000000	12.631800	-105.338998	957.999413	29889.029502	-4301.408022	-149.358451	0	0	0	765.000000	232.000000	0.000000	0.315840	-0.044840	2.915200	-228.043815	-232.024943	-231.176083
105	257.662227	262.503761	0.000000	254.000000	232.000000	0.000000	15.406800	-119.591398	1048.830514	31993.275602	-3841.055413	-206.488887	0	0	0	765.000000	232.000000	0.000000	0.428640	-0.381140	3.188500	-147.382497	-283.756099	-279.927222
106	256.811653	260.586472	0.000000	254.000000	232.000000	0.000000	19.536000	-125.429997	1136.842416	32498.313980	-3196.406391	-797.929431	0	0	0	765.000000	232.000000	0.000000	0.541440	0.156940	3.552900	70.398730	-232.125911	-123.296313
107	256.413532	257.804380	0.000000	254.000000	232.000000	0.000000	21.134400	-133.932597	1240.712317	32015.811914	-2994.498732	-1544.288972	0	0	0	765.000000	232.000000	0.000000	0.564000	-0.313880	4.372800	-4.492206	-243.369768	-252.907077
108	255.842783	253.541849	0.000000	254.000000	232.000000	0.000000	24.686399	-144.233397	1345.110819	28976.173714	-2478.747322	-1672.991513	0	0	0	765.000000	232.000000	0.000000	0.654240	-0.246620	3.370700	-1.493959	-236.291763	-263.548948
109	254.735668	247.599305	0.000000	254.000000	232.000000	0.000000	28.748999	-142.812597	1427.660520	22270.512361	-1050.284475	-1633.811131	0	0	0	765.000000	232.000000	0.000000	0.225600	0.022420	4.463900	-19.617386	-277.368912	-220.376419
110	254.767419	241.080220	0.000000	254.000000	232.000000	0.000000	36.185999	-140.814597	1513.734221	13745.039821	-1161.668139	-3062.117501	0	0	0	765.000000	232.000000	0.000000	0.225600	-0.022420	2.186400	-123.685624	-293.509805	-252.695816
111	255.706266	234.068745	0.000000	254.000000	232.000000	0.000000	43.001399	-135.020397	1590.733622	3290.822594	-2714.215478	-4032.783769	0	0	0	765.000000	232.000000	0.000000	-0.180480	-0.089680	6.559200	-146.749760	-292.278837	-279.820459
112	256.088242	225.942755	0.000000	254.000000	232.000000	0.000000	45.110399	-114.374398	1640.422023	-9936.438545	-3425.598356	-3696.984511	0	0	0	765.000000	232.000000	0.000000	0.135360	0.000000	2.733000	130.298656	-347.084511	-263.459950
113	257.283155	218.508711	0.000000	254.000000	232.000000	0.000000	43.267799	-94.749598	1682.974323	-22705.493663	-5525.465319	-3147.052019	0	0	0	765.000000	232.000000	0.000000	0.022560	-0.224200	4.372800	17.754508	-231.754019	-263.766478
114	258.588401	211.487601	0.000000	254.000000	232.000000	0.000000	36.474599	-81.584998	1721.914524	-35320.597329	-7900.833564	-2582.401355	0	0	0	765.000000	232.000000	0.000000	0.383520	0.112100	1.366500	60.119323	-279.867064	-204.076868
115	259.542188	204.112968	0.000000	254.000000	232.000000	0.000000	30.413999	-61.982399	1750.194624	-48807.734127	-9699.907341	-1916.158932	0	0	0	765.000000	232.000000	0.000000	0.338400	-0.313880	2.459700	-60.048147	-411.084364	-236.860758
116	260.694508	196.700962	0.000000	254.000000	232.000000	0.000000	24.109200	-41.225399	1761.030924	-62162.696759	-11789.236050	-1818.926148	0	0	0	765.000000	232.000000	0.000000	0.112800	-0.560500	3.552900	33.161005	-215.483534	-215.725925
117	262.049556	189.626319	0.000000	254.000000	232.000000	0.000000	18.648000	-21.511800	1764.554924	-74770.688223	-14203.883725	-1232.807504	0	0	0	765.000000	232.000000	0.000000	0.248160	-0.269040	2.550800	44.864041	-116.095353	-269.109794
118	263.336642	183.218883	0.000000	254.000000	232.000000	0.000000	13.741800	-0.777000	1763.850124	-86042.579515	-16468.436737	-451.287672	0	0	0	765.000000	232.000000	0.000000	-0.067680	-0.156940	3.461800	-54.341605	-189.556956	-295.989214
119	264.810998	177.612836	0.000000	254.000000	232.000000	0.000000	9.479400	15.229200	1754.071024	-95398.948698	-18963.259141	-33.992232	0	0	0	765.000000	232.000000	0.000000	0.428640	-0.089680	3.735100	13.841135	-274.991060	-231.185139
120	266.058261	172.532552	0.000000	254.000000	232.000000	0.000000	2.597400	27.594599	1738.477324	-103382.810587	-20963.013683	615.192911	0	0	0	765.000000	232.000000	0.000000	0.315840	-0.403560	3.826200	-157.881527	-214.281145	-285.374861
121	266.785882	167.973433	0.000000	254.000000	232.000000	0.000000	-3.973800	40.070999	1722.266924	-110270.837741	-22020.701589	953.164772	0	0	0	765.000000	232.000000	0.000000	0.451200	0.022420	3.006300	-56.584350	-180.950088	-300.956337
122	267.173581	163.917214	0.000000	254.000000	232.000000	0.000000	-9.457200	50.904599	1705.527924	-116117.092761	-22467.910414	779.902672	0	0	0	765.000000	232.000000	0.000000	0.090240	-0.291460	3.279600	-3.199752	-308.349042	-199.285649
123	267.700890	159.919890	0.000000	254.000000	232.000000	0.000000	-13.342200	61.826999	1685.176823	-121467.731283	-23088.422752	784.153756	0	0	0	765.000000	232.000000	0.000000	0.541440	-0.470820	4.008400	-10.444901	-91.567206	-296.122275
124	267.893521	156.303216	0.000000	254.000000	232.000000	0.000000	-16.894200	71.084399	1670.640323	-126462.099156	-23211.077190	712.914761	0	0	0	765.000000	232.000000	0.000000	0.157920	-0.493240	2.733000	-104.647071	-329.148025	-264.029813
125	267.917392	153.490748	0.000000	254.000000	232.000000	0.000000	-21.356400	77.100598	1659.275423	-130268.472196	-23092.786144	410.954338	0	0	0	765.000000	232.000000	0.000000	0.564000	-0.605340	3.826200	31.314553	-496.696017	-307.026959
126	267.780969	151.284487	0.000000	254.000000	232.000000	0.000000	-24.775199	79.764598	1652.756023	-133403.050112	-22776.579152	2.399492	0	0	0	765.000000	232.000000	0.000000	0.045120	-0.358720	3.644000	-221.747037	-419.899059	-242.404362
127	267.750649	149.352984	0.000000	254.000000	232.000000	0.000000	-24.375599	84.093598	1647.822423	-136187.606088	-22658.628496	-375.841772	0	0	0	765.000000	232.000000	0.000000	0.157920	0.089680	3.006300	143.057477	-216.594201	-284.857248
128	267.112374	147.183948	0.000000	254.000000	232.000000	0.000000	-23.487600	90.420598	1638.219523	-138947.311891	-21480.947512	-438.733335	0	0	0	765.000000	232.000000	0.000000	0.428640	-0.425980	3.370700	-55.369788	-246.345018	-253.090819
129	266.715073	145.186510	0.000000	254.000000	232.000000	0.000000	-24.464399	96.259198	1626.326022	-141187.037097	-20678.853543	-203.444474	0	0	0	765.000000	232.000000	0.000000	0.293280	-0.224200	3.735100	55.530259	-166.267368	-285.173180
130	266.141239	143.468689	0.000000	254.000000	232.000000	0.000000	-26.750999	101.875798	1612.758622	-142779.635473	-19580.888468	303.236373	0	0	0	765.000000	232.000000	0.000000	0.045120	-0.336300	3.461800	41.900958	-287.998533	-269.267063
131	265.634818	142.278091	0.000000	254.000000	232.000000	0.000000	-28.171799	107.425798	1597.517322	-143332.303829	-18586.823206	983.126039	0	0	0	765.000000	232.000000	0.000000	0.721920	-0.089680	3.552900	70.205861	-671.818446	-349.383533
132	265.165693	141.001217	0.000000	254.000000	232.000000	0.000000	-25.485599	111.643798	1578.928222	-143680.547077	-17629.827694	1502.383534	0	0	0	765.000000	232.000000	0.000000	0.428640	-0.022420	4.281700	25.623984	-416.725228	-284.884243
133	264.895530	139.971583	0.000000	254.000000	232.000000	0.000000	-19.713600	118.148398	1559.810522	-143546.893186	-16994.963030	2332.068099	0	0	0	765.000000	232.000000	0.000000	0.473760	-0.269040	2.550800	101.158439	-256.541305	-312.045112
134	264.393999	138.867964	0.000000	254.000000	232.000000	0.000000	-14.230200	122.299797	1542.190521	-143627.343911	-16029.527108	2877.511413	0	0	0	765.000000	232.000000	0.000000	0.157920	-0.224200	2.368600	-28.383868	-375.751586	-242.203029
135	264.333653	137.987273	0.000000	254.000000	232.000000	0.000000	-7.037400	127.516797	1519.813121	-142881.776432	-15705.221065	3498.135337	0	0	0	765.000000	232.000000	0.000000	0.744480	-0.022420	2.915200	-114.584541	-342.729324	-187.961929
136	264.009667	136.896747	0.000000	254.000000	232.000000	0.000000	-3.019200	133.666197	1501.135921	-142762.909863	-15025.871242	3994.780219	0	0	0	765.000000	232.000000	0.000000	0.518880	-0.246620	3.644000	110.989342	-212.544455	-209.823197
137	264.072400	136.105358	0.000000	254.000000	232.000000	0.000000	1.709400	141.125397	1479.991920	-141923.294956	-14907.071098	4900.136013	0	0	0	765.000000	232.000000	0.000000	0.248160	0.067260	3.006300	1.451005	-248.316460	-252.581914
138	263.816148	135.371837	0.000000	254.000000	232.000000	0.000000	2.775000	149.183997	1461.402820	-141212.669256	-14345.346334	5446.039866	0	0	0	765.000000	232.000000	0.000000	0.451200	-0.493240	1.913100	-104.330589	-236.104967	-263.916607
139	263.792799	134.582555	0.000000	254.000000	232.000000	0.000000	5.439000	157.930797	1439.994520	-140280.587117	-14101.577155	6253.863954	0	0	0	765.000000	232.000000	0.000000	0.157920	-0.134520	1.913100	-62.255728	-243.530479	-312.009234
140	263.737327	134.012815	0.000000	254.000000	232.000000	0.000000	8.036400	168.631197	1420.876820	-139227.719873	-13835.542251	7083.768409	0	0	0	765.000000	232.000000	0.000000	0.180480	-0.381140	2.824100	2.876555	-207.850194	-274.645211
141	263.922672	133.511519	0.000000	254.000000	232.000000	0.000000	13.320000	182.883596	1399.292319	-137814.175221	-13884.718491	7912.918619	0	0	0	765.000000	232.000000	0.000000	-0.067680	-0.224200	3.826200	46.112695	-255.827800	-118.600711
142	263.919449	132.435791	0.000000	254.000000	232.000000	0.000000	17.959800	195.604196	1369.955019	-136398.487571	-13589.199104	8431.154026	0	0	0	765.000000	232.000000	0.000000	-0.067680	-0.425980	3.370700	-36.604989	-161.231494	-323.193798
143	263.846886	131.852417	0.000000	254.000000	232.000000	0.000000	26.173799	209.856596	1331.014818	-133297.917620	-13106.351555	9184.226413	0	0	0	765.000000	232.000000	0.000000	0.112800	-0.425980	2.459700	-139.459738	-289.450813	-177.923533
144	263.976203	130.694134	0.000000	254.000000	232.000000	0.000000	29.925599	212.476196	1268.111418	-128467.125567	-12650.936328	9218.920282	0	0	0	765.000000	232.000000	0.000000	0.451200	-0.224200	3.552900	-150.812202	-143.966449	-268.978823
145	264.203940	129.344068	0.000000	254.000000	232.000000	0.000000	32.345399	197.912996	1164.505816	-119543.429557	-11882.547835	8881.841860	0	0	0	765.000000	232.000000	0.000000	0.270720	-0.515660	4.008400	-143.539452	-250.367838	-247.879171
146	264.549820	126.696367	0.000000	254.000000	232.000000	0.000000	30.302999	161.016597	1011.476114	-106512.109851	-10670.891222	7942.810955	0	0	0	765.000000	232.000000	0.000000	0.496320	-0.336300	3.006300	42.076781	-154.483316	-263.715100
147	264.749500	123.276444	0.000000	254.000000	232.000000	0.000000	30.769199	107.581198	805.762611	-87605.376178	-8661.545373	7155.794171	0	0	0	765.000000	232.000000	0.000000	0.270720	-0.067260	4.372800	51.995060	-279.013881	-268.864397
148	264.621855	119.116049	0.000000	254.000000	232.000000	0.000000	22.222200	28.460399	546.660508	-61709.197872	-5806.548915	5092.249480	0	0	0	765.000000	232.000000	0.000000	0.541440	-0.246620	3.188500	167.459562	-222.292269	-274.348089
149	276.222284	111.577928	0.000000	254.000000	232.000000	0.000000	14.074800	-60.983399	222.804903	-26830.628059	-4951.233761	3082.800701	0	0	0	765.000000	232.000000	0.000000	0.586560	-0.313880	4.463900	42.384627	-329.008347	-258.276168
150	0	0	0	254.000000	232.000000	0.000000	3.774000	0.288600	-2.290600	-596.746039	-437.900904	226.011471	0	0	0	765.000000	232.000000	0.000000	0.225600	-0.538080	3.370700	156.073007	-332.523791	-301.700886
151	0	0	0	254.000000	232.000000	0.000000	3.174600	0.244200	-0.616700	-298.928650	-933.659118	-262.830101	0	0	0	765.000000	232.000000	0.000000	0.428640	-0.560500	3.735100	-4.438923	-274.991060	-264.004211
152	0	0	0	254.000000	232.000000	0.000000	2.997000	-0.244200	0.616700	-579.903875	-665.640333	-409.444955	0	0	0	765.000000	232.000000	0.000000	0.518880	0.112100	2.733000	-71.761740	-296.131656	-252.424818
153	0	0	0	254.000000	232.000000	0.000000	3.174600	0.333000	-0.792900	-333.873384	-827.548511	-58.367197	0	0	0	765.000000	232.000000	0.000000	0.564000	-0.560500	4.008400	-107.750812	-365.222932	-253.196362
154	0	0	0	254.000000	232.000000	0.000000	3.152400	0.022200	0.969100	-607.323899	-643.172220	-231.693455	0	0	0	765.000000	232.000000	0.000000	0.699360	0.000000	3.006300	-1.160432	-312.865754	-306.264646
155	0	0	0	254.000000	232.000000	0.000000	3.818400	0.111000	-0.616700	-294.845303	-632.579049	-258.487110	0	0	0	765.000000	232.000000	0.000000	0.360960	-0.246620	4.737200	-30.168627	-132.445774	-355.084754
156	0	0	0	254.000000	232.000000	0.000000	2.952600	0.088800	1.233400	-469.285566	-663.732946	-209.438817	0	0	0	765.000000	232.000000	0.000000	0.203040	-0.022420	3.279600	54.157993	-378.572018	-193.548725
157	0	0	0	254.000000	232.000000	0.000000	3.640800	-0.022200	-0.704800	-203.859871	-692.687795	-138.430369	0	0	0	765.000000	232.000000	0.000000	0.338400	-0.201780	3.188500	56.611725	-101.534633	-322.774065
158	0	0	0	254.000000	232.000000	0.000000	3.130200	0.288600	1.057200	-460.955171	-458.929840	-200.595881	0	0	0	765.000000	232.000000	0.000000	0.180480	-0.201780	3.826200	18.835975	-284.275261	-166.878822
159	0	0	0	254.000000	232.000000	0.000000	3.529800	0.044400	0.352400	-200.887784	-668.662691	-129.526272	0	0	0	765.000000	232.000000	0.000000	0.338400	-0.448400	2.641900	-131.018147	-345.454682	-183.240550
160	0	0	0	254.000000	232.000000	0.000000	2.775000	0.111000	0.528600	-362.247377	-521.289321	-187.184512	0	0	0	765.000000	232.000000	0.000000	0.428640	-0.381140	3.279600	77.759928	-142.769953	-210.015822
161	0	0	0	254.000000	232.000000	0.000000	3.174600	0.244200	-1.497700	-38.330318	-779.366393	-85.030094	0	0	0	765.000000	232.000000	0.000000	0.248160	-0.381140	3.552900	-100.611157	-361.832027	-220.841087
162	0	0	0	254.000000	232.000000	0.000000	2.841600	0.022200	1.321500	-462.399725	-572.251468	-271.644066	0	0	0	765.000000	232.000000	0.000000	0.157920	-0.246620	2.459700	-10.524713	-215.953039	-247.607128
163	0	0	0	254.000000	232.000000	0.000000	3.330000	-0.022200	-0.881000	-213.548206	-737.581735	-133.930979	0	0	0	765.000000	232.000000	0.000000	0.360960	-0.381140	4.372800	-166.604436	-160.236934	-253.064346
164	0	0	0	254.000000	232.000000	0.000000	2.819400	-0.111000	1.762000	-496.869291	-571.287202	-267.184525	0	0	0	765.000000	232.000000	0.000000	0.045120	-0.179360	2.915200	48.205299	-202.701567	-172.282573
165	0	0	0	254.000000	232.000000	0.000000	3.951600	-0.133200	-0.528600	-111.899161	-840.747861	-85.135877	0	0	0	765.000000	232.000000	0.000000	0.293280	-0.717440	4.099500	-20.055333	-185.507210	-264.240550
166	0	0	0	254.000000	232.000000	0.000000	3.418800	-0.022200	1.233400	-425.643192	-635.003982	-138.391519	0	0	0	765.000000	232.000000	0.000000	0.112800	-0.291460	2.915200	-68.735891	-449.890522	-253.054941
167	0	0	0	254.000000	232.000000	0.000000	3.973800	0.421800	-1.585800	-185.433535	-561.978154	-116.299163	0	0	0	765.000000	232.000000	0.000000	0.496320	-0.739860	2.915200	35.825725	-314.281863	-215.788276
168	0	0	0	254.000000	232.000000	0.000000	3.130200	-0.022200	0.704800	-454.708198	-516.844234	-187.236016	0	0	0	765.000000	232.000000	0.000000	0.112800	0.067260	3.097400	-101.790555	-421.885641	-231.122963
169	0	0	0	254.000000	232.000000	0.000000	3.729600	0.222000	-1.321500	38.031494	-899.054940	-142.910445	0	0	0	765.000000	232.000000	0.000000	0.383520	-0.089680	2.186400	-41.855464	-280.828806	-263.469355
170	0	0	0	254.000000	232.000000	0.000000	2.908200	-0.088800	-0.088100	-457.634032	-449.731208	-218.306839	0	0	0	765.000000	232.000000	0.000000	0.360960	-0.538080	3.735100	-59.862841	-140.676511	-247.870637
171	0	0	0	254.000000	232.000000	0.000000	3.862800	-0.222000	-1.057200	9.839735	-808.130946	-107.338234	0	0	0	765.000000	232.000000	0.000000	0.180480	0.201780	3.644000	62.722124	-208.811937	-241.694646
172	0	0	0	254.000000	232.000000	0.000000	2.930400	0.444000	0.704800	-541.431164	-556.721505	-213.908348	0	0	0	765.000000	232.000000	0.000000	0.270720	-0.358720	4.008400	59.584291	-240.961638	-312.228680
173	0	0	0	254.000000	232.000000	0.000000	3.818400	-0.333000	-2.643000	-62.685410	-902.876762	-102.876584	0	0	0	765.000000	232.000000	0.000000	0.428640	-0.448400	2.733000	169.183474	-273.815597	-323.028517
174	0	0	0	254.000000	232.000000	0.000000	2.974800	-0.044400	1.762000	-407.164712	-442.722577	-244.992047	0	0	0	765.000000	232.000000	0.000000	0.293280	-0.627760	3.917300	-100.944685	-354.605097	-194.223956
175	0	0	0	254.000000	232.000000	0.000000	3.663000	0.044400	-1.233400	30.614707	-790.136112	-147.329583	0	0	0	765.000000	232.000000	0.000000	0.383520	-0.022420	4.828300	100.472192	-312.146356	-252.634859
176	0	0	0	254.000000	232.000000	0.000000	2.553000	-0.177600	2.731100	-412.569273	-386.402762	-187.122574	0	0	0	765.000000	232.000000	0.000000	0.564000	-0.582920	5.101600	-90.278467	-413.536258	-242.467061
177	0	0	0	254.000000	232.000000	0.000000	3.796200	0.199800	-0.881000	-165.627950	-892.159076	-67.355322	0	0	0	765.000000	232.000000	0.000000	0.609120	-0.179360	4.463900	-55.598895	-245.228458	-188.198269
178	0	0	0	254.000000	232.000000	0.000000	2.775000	0.066600	1.938200	-373.516249	-395.756449	-249.410963	0	0	0	765.000000	232.000000	0.000000	0.406080	-0.336300	3.735100	-70.793330	-236.490344	-312.150132
179	0	0	0	254.000000	232.000000	0.000000	4.151400	-0.133200	-0.969100	-34.716247	-791.258130	-107.395843	0	0	0	765.000000	232.000000	0.000000	0.293280	0.381140	2.915200	116.879270	-259.367630	-241.440716
180	0	0	0	254.000000	232.000000	0.000000	2.752800	-0.222000	2.290600	-424.161912	-433.390033	-249.383990	0	0	0	765.000000	232.000000	0.000000	0.518880	0.022420	3.097400	18.439682	-381.214901	-306.308013
181	0	0	0	254.000000	232.000000	0.000000	4.284600	0.022200	-1.850100	-115.284745	-806.550463	-85.206584	0	0	0	765.000000	232.000000	0.000000	0.067680	-0.403560	4.008400	48.460934	-186.047405	-258.581651
182	0	0	0	254.000000	232.000000	0.000000	2.708400	-0.244200	3.347800	-598.740933	-421.799706	-182.699441	0	0	0	765.000000	232.000000	0.000000	0.248160	-0.201780	3.461800	-121.759360	-173.601159	-231.386298
183	0	0	0	254.000000	232.000000	0.000000	3.618600	0.310800	-1.585800	-54.873659	-720.772350	-71.778122	0	0	0	765.000000	232.000000	0.000000	0.000000	-0.493240	3.279600	-86.093259	-304.845384	-253.335170
184	0	0	0	254.000000	232.000000	0.000000	2.863800	-0.488400	2.466800	-638.086890	-370.487163	-289.387104	0	0	0	765.000000	232.000000	0.000000	0.406080	-0.358720	3.279600	-52.723187	-141.894038	-274.531831
185	0	0	0	254.000000	232.000000	0.000000	4.040400	0.244200	-2.114400	125.739264	-825.295427	-80.736609	0	0	0	765.000000	232.000000	0.000000	0.406080	-0.425980	3.097400	-8.352297	-386.241529	-193.943727
186	0	0	0	254.000000	232.000000	0.000000	2.886000	0.133200	2.731100	-486.480418	-487.167448	-200.540714	0	0	0	765.000000	232.000000	0.000000	0.586560	-0.425980	3.644000	-8.563284	-233.984600	-274.541062
187	0	0	0	254.000000	232.000000	0.000000	3.840600	-0.088800	-2.202500	150.418464	-874.827447	-129.570006	0	0	0	765.000000	232.000000	0.000000	0.045120	-0.112100	3.917300	-109.070868	-335.563836	-263.626276
188	0	0	0	254.000000	232.000000	0.000000	2.664000	-0.088800	2.026300	-573.154016	-477.933576	-236.044105	0	0	0	765.000000	232.000000	0.000000	0.293280	-0.381140	2.459700	87.458809	-164.771324	-306.868470
189	0	0	0	254.000000	232.000000	0.000000	4.373400	0.066600	-1.321500	-26.416687	-800.576577	-40.775675	0	0	0	765.000000	232.000000	0.000000	0.022560	-0.291460	2.915200	43.852904	-361.731060	-296.112174
190	0	0	0	254.000000	232.000000	0.000000	2.553000	-0.222000	2.731100	-597.919830	-405.698162	-262.684025	0	0	0	765.000000	232.000000	0.000000	0.406080	0.044840	1.275400	132.602247	-205.386515	-252.547255
191	0	0	0	254.000000	232.000000	0.000000	3.796200	-0.044400	-1.850100	152.338186	-843.998103	-71.780786	0	0	0	765.000000	232.000000	0.000000	0.270720	-0.201780	3.735100	56.400738	-400.546464	-301.288989
192	0	0	0	254.000000	232.000000	0.000000	2.375400	-0.088800	1.850100	-476.609848	-533.404242	-155.983597	0	0	0	765.000000	232.000000	0.000000	0.203040	-0.269040	3.917300	6.806974	-332.289038	-274.505010
193	0	0	0	254.000000	232.000000	0.000000	4.195800	0.155400	-1.145300	170.480256	-870.311879	-40.751699	0	0	0	765.000000	232.000000	0.000000	0.406080	-0.179360	3.826200	-55.352743	-349.471609	-322.721642
194	0	0	0	254.000000	232.000000	0.000000	2.442000	-0.244200	2.643000	-531.261771	-468.593985	-218.212822	0	0	0	765.000000	232.000000	0.000000	0.360960	-0.291460	2.915200	-59.353491	-167.933369	-285.225951
195	0	0	0	254.000000	232.000000	0.000000	4.351200	-0.088800	-0.176200	44.540564	-818.851328	-102.989360	0	0	0	765.000000	232.000000	0.000000	0.112800	-0.582920	4.190600	-80.544421	-225.637756	-274.908024
196	0	0	0	254.000000	232.000000	0.000000	2.664000	-0.266400	2.466800	-551.536632	-381.421333	-169.354895	0	0	0	765.000000	232.000000	0.000000	0.360960	-0.201780	4.281700	46.807351	-310.629280	-258.231757
197	0	0	0	254.000000	232.000000	0.000000	3.774000	0.266400	-2.026300	242.573711	-794.844672	-111.806766	0	0	0	765.000000	232.000000	0.000000	0.473760	0.044840	3.735100	-215.495981	-276.742889	-257.898931
198	0	0	0	254.000000	232.000000	0.000000	2.442000	0.066600	1.321500	-595.746677	-333.631900	-218.237686	0	0	0	765.000000	232.000000	0.000000	0.518880	-0.201780	3.370700	122.218193	-184.005273	-236.659600
199	0	0	0	254.000000	232.000000	0.000000	4.173600	0.133200	-2.290600	101.748301	-888.769878	-36.301037	0	0	0	765.000000	232.000000	0.000000	0.360960	-0.089680	3.735100	-61.218062	-131.270310	-349.522863
200	0	0	0	254.000000	232.000000	0.000000	2.775000	-0.199800	2.466800	-481.147053	-366.771060	-244.944650	0	0	0	765.000000	232.000000	0.000000	0.067680	-0.156940	2.186400	-81.996499	-315.597004	-220.647766
201	0	0	0	254.000000	232.000000	0.000000	4.173600	0.466200	-2.290600	144.656185	-830.883676	-89.667679	0	0	0	765.000000	232.000000	0.000000	0.293280	-0.067260	3.188500	52.452200	-344.344014	-311.878089
202	0	0	0	254.000000	232.000000	0.000000	2.619600	-0.466200	1.762000	-473.103700	-341.028865	-280.456145	0	0	0	765.000000	232.000000	0.000000	-0.203040	-0.627760	3.826200	-138.439118	-297.603314	-215.926735
203	0	0	0	254.000000	232.000000	0.000000	4.084800	-0.111000	-1.585800	81.994860	-991.122095	-169.615966	0	0	0	765.000000	232.000000	0.000000	0.383520	-0.022420	3.006300	-20.795710	-197.134745	-263.390459
204	0	0	0	254.000000	232.000000	0.000000	2.797200	-0.111000	2.466800	-545.033453	-541.358692	-240.510639	0	0	0	765.000000	232.000000	0.000000	0.203040	-0.179360	4.463900	-102.510893	-97.775190	-209.866215
205	0	0	0	254.000000	232.000000	0.000000	3.996000	0.000000	-0.881000	135.050829	-919.815707	-27.369301	0	0	0	765.000000	232.000000	0.000000	0.293280	-0.627760	2.186400	-156.570954	-145.638342	-339.424556
206	0	0	0	254.000000	232.000000	0.000000	2.375400	0.133200	3.612100	-708.448749	-417.490878	-138.221356	0	0	0	765.000000	232.000000	0.000000	-0.022560	-0.381140	2.733000	40.441317	-284.515907	-199.434385
207	0	0	0	254.000000	232.000000	0.000000	4.151400	0.155400	-1.585800	35.198165	-887.784469	-120.753932	0	0	0	765.000000	232.000000	0.000000	0.203040	-0.381140	2.095300	134.511465	-160.840225	-296.147703
208	0	0	0	254.000000	232.000000	0.000000	2.175600	-0.111000	2.643000	-487.057616	-438.150277	-240.401859	0	0	0	765.000000	232.000000	0.000000	0.045120	-0.493240	1.639800	-29.165899	-304.673728	-323.229153
209	0	0	0	254.000000	232.000000	0.000000	4.151400	-0.022200	-1.321500	114.729715	-878.115624	3.720281	0	0	0	765.000000	232.000000	0.000000	0.135360	-0.381140	2.550800	162.482841	-186.965384	-274.662628
210	0	0	0	254.000000	232.000000	0.000000	2.375400	-0.288600	2.907300	-571.703570	-446.490363	-244.867616	0	0	0	765.000000	232.000000	0.000000	0.067680	-0.358720	5.283800	-81.644007	-300.417854	-237.017854
211	0	0	0	254.000000	232.000000	0.000000	3.996000	0.421800	-1.673900	36.673554	-977.765341	-85.188047	0	0	0	765.000000	232.000000	0.000000	0.428640	0.067260	4.555000	-46.058791	-332.390005	-231.001048
212	315.975345	186.898455	0.000000	254.000000	232.000000	0.000000	-61.005599	49.328399	270.731304	-12210.400099	-16778.666048	7545.449999	0	0	0	765.000000	232.000000	0.000000	0.406080	-0.538080	4.737200	5.427145	-237.665807	-296.253420
213	283.701089	224.940947	0.000000	254.000000	232.000000	0.000000	-15.562200	550.093789	1193.931216	-8428.023285	-35461.057842	19330.026631	0	0	0	765.000000	232.000000	0.000000	0.157920	4.484000	5.739300	190.645216	-200.987609	-182.902310
214	309.471128	228.254339	0.000000	254.000000	232.000000	0.000000	-6.149400	121.766997	609.299608	-2282.230019	-33798.536544	7236.685065	0	0	0	765.000000	232.000000	0.000000	1.082880	-0.650180	13.938300	513.555101	92.105681	-150.923069
215	300.718622	245.007239	0.000000	254.000000	232.000000	0.000000	-10.900200	-99.566998	845.583812	10998.710392	-39504.510326	4606.003072	0	0	0	765.000000	232.000000	0.000000	-1.940160	4.349480	5.557100	110.433476	-72.282830	-296.803761
216	318.214922	315.632389	0.000000	254.000000	232.000000	0.000000	-8.613600	-90.886798	2022.071228	169110.646541	-129847.146669	-37244.768115	0	0	0	765.000000	232.000000	0.000000	-3.790080	-0.627760	3.370700	124.443893	-44.924190	-222.689133
217	304.696790	156.491211	0.000000	254.000000	232.000000	0.000000	254.589595	-726.961185	2884.482140	-217803.754687	-146233.983946	-83787.984521	0	0	0	765.000000	232.000000	0.000000	-4.782720	5.313540	0.455500	3311.701939	1116.373430	364.699252
218	303.847969	157.770180	0.000000	254.000000	232.000000	0.000000	-70.884599	-726.961185	2884.482140	-214114.589585	-143785.577004	2541.981793	0	0	0	765.000000	232.000000	0.000000	-8.933760	-5.739520	12.207400	3450.345963	1085.038927	-515.694087
219	296.386486	319.440187	0.000000	254.000000	232.000000	0.000000	-71.639399	258.896395	2142.856330	187371.758435	-90828.150097	20763.310986	0	0	0	765.000000	232.000000	0.000000	-6.384480	0.582920	4.919400	-1433.538368	-717.319071	105.775356
220	303.357938	293.331161	0.000000	254.000000	232.000000	0.000000	-115.262398	541.591189	1827.370225	112074.737585	-90195.225474	20783.889429	0	0	0	765.000000	232.000000	0.000000	1.331040	2.555880	12.207400	704.378514	394.905580	-276.133771
221	313.487869	312.338153	0.000000	254.000000	232.000000	0.000000	-108.402598	247.219195	2124.091029	170645.549108	-126357.649565	-13438.042600	0	0	0	765.000000	232.000000	0.000000	0.947520	3.295740	3.644000	229.760215	-191.562031	133.298845
222	302.083341	322.156383	0.000000	254.000000	232.000000	0.000000	-78.854398	31.013399	2345.045832	211420.850035	-112757.638541	-9976.596938	0	0	0	765.000000	232.000000	0.000000	0.767040	-0.269040	1.913100	-170.684996	-107.274765	-274.287306
223	297.863439	318.869699	0.000000	254.000000	232.000000	0.000000	-67.621199	63.403199	2265.667731	196817.874236	-99379.978083	4558.441630	0	0	0	765.000000	232.000000	0.000000	-1.421280	-0.493240	-1.093200	122.007432	-75.221864	-280.772784
224	299.351075	315.906188	0.000000	254.000000	232.000000	0.000000	-88.777798	74.414398	2198.535530	184470.734930	-99705.949828	-123.767042	0	0	0	765.000000	232.000000	0.000000	-1.263360	-0.470820	0.728800	94.027420	-168.146275	-237.663128
225	299.904656	314.009941	0.000000	254.000000	232.000000	0.000000	-74.547598	73.104598	2096.691929	171949.581947	-96247.920877	-6891.442805	0	0	0	765.000000	232.000000	0.000000	-0.586560	-0.874380	3.006300	86.862084	-291.157224	-200.230659
226	296.193885	313.335035	0.000000	254.000000	232.000000	0.000000	-66.222599	53.191199	2021.278328	164400.743445	-85285.586091	-4064.286498	0	0	0	765.000000	232.000000	0.000000	-0.518880	-0.941640	7.288000	-189.491676	-185.932997	-243.305831
227	293.396689	313.598012	0.000000	254.000000	232.000000	0.000000	-51.814799	45.465599	1930.006727	157484.712334	-76035.875698	-2017.044736	0	0	0	765.000000	232.000000	0.000000	0.090240	0.336300	5.374900	10.982473	-244.963426	-220.060487
228	291.181138	312.240140	0.000000	254.000000	232.000000	0.000000	-47.907599	60.406199	1843.052025	147886.751689	-68526.771128	-3312.418794	0	0	0	765.000000	232.000000	0.000000	0.112800	-0.067260	6.103700	-51.879463	-162.038419	-204.391755
229	288.946566	312.108621	0.000000	254.000000	232.000000	0.000000	-39.915599	77.189398	1730.548324	138631.839098	-60476.721360	-1972.769998	0	0	0	765.000000	232.000000	0.000000	0.090240	-0.067260	3.826200	-13.470750	-346.615006	-279.689663
230	286.077705	312.681280	0.000000	254.000000	232.000000	0.000000	-32.256599	69.663599	1641.391123	132429.536757	-52652.060996	-1777.928252	0	0	0	765.000000	232.000000	0.000000	0.406080	-0.672600	1.913100	-36.235224	-253.165539	-253.388812
231	284.032291	315.616094	0.000000	254.000000	232.000000	0.000000	-23.465400	57.608999	1546.595521	129320.276571	-46447.807159	-836.162307	0	0	0	765.000000	232.000000	0.000000	-0.293280	0.022420	1.184300	-93.410656	-65.251898	-349.643907
232	281.430100	317.453182	0.000000	254.000000	232.000000	0.000000	-16.050600	49.616999	1460.433720	124798.708935	-40059.842928	-859.045538	0	0	0	765.000000	232.000000	0.000000	0.564000	-0.224200	1.366500	112.738936	-183.406176	-317.335482
233	279.505438	321.010717	0.000000	254.000000	232.000000	0.000000	-6.660000	40.137599	1368.457319	121807.366575	-34903.103479	-886.600542	0	0	0	765.000000	232.000000	0.000000	0.157920	-0.762280	3.826200	-2.925998	-302.211747	-307.367797
234	276.873126	323.474308	0.000000	254.000000	232.000000	0.000000	-3.041400	28.948799	1286.524318	117683.921811	-29426.832306	-970.793696	0	0	0	765.000000	232.000000	0.000000	0.315840	-0.269040	2.915200	44.723383	-326.086947	-269.083669
235	275.120694	327.964007	0.000000	254.000000	232.000000	0.000000	2.775000	18.226200	1196.838517	114853.419880	-25278.060528	-624.243745	0	0	0	765.000000	232.000000	0.000000	-0.022560	-0.291460	4.646100	52.567176	-258.541372	-263.862790
236	272.628158	330.987827	0.000000	254.000000	232.000000	0.000000	4.906200	8.835600	1107.857515	109664.407756	-20637.344611	-877.230467	0	0	0	765.000000	232.000000	0.000000	0.406080	-0.089680	4.919400	79.060792	-322.535332	-241.949447
237	271.150965	335.791647	0.000000	254.000000	232.000000	0.000000	9.412800	1.420800	1011.652314	105001.059685	-17350.813406	-935.210940	0	0	0	765.000000	232.000000	0.000000	0.293280	-0.201780	2.915200	-65.253975	-278.180031	-247.502281
238	268.649871	339.299049	0.000000	254.000000	232.000000	0.000000	10.500600	-4.972800	915.359013	98217.151314	-13409.891195	-1299.379831	0	0	0	765.000000	232.000000	0.000000	0.518880	-0.381140	3.552900	-53.699160	-344.124401	-209.980989
239	266.677420	344.245138	0.000000	254.000000	232.000000	0.000000	15.628800	-10.944600	818.096611	91827.367346	-10371.354389	-1099.774514	0	0	0	765.000000	232.000000	0.000000	0.541440	-0.067260	2.641900	-69.308007	-259.275909	-301.026699
240	263.371850	346.882174	0.000000	254.000000	232.000000	0.000000	16.294800	-13.408800	732.551510	84157.109906	-6865.362750	-1339.723938	0	0	0	765.000000	232.000000	0.000000	0.135360	-0.358720	2.550800	41.382126	-271.621187	-215.480529
241	260.333954	351.567778	0.000000	254.000000	232.000000	0.000000	20.890200	-18.936600	646.213509	77266.313205	-4093.086388	-1002.265896	0	0	0	765.000000	232.000000	0.000000	0.564000	-0.358720	5.010500	-147.215310	-309.961193	-252.959674
242	254.758182	353.852351	0.000000	254.000000	232.000000	0.000000	23.709600	-20.934600	573.707208	69907.572100	-434.974618	-1309.304462	0	0	0	765.000000	232.000000	0.000000	0.406080	0.044840	4.281700	18.853021	-321.787310	-274.058455
243	249.758409	358.787063	0.000000	254.000000	232.000000	0.000000	28.748999	-24.841799	503.755807	63869.719443	2136.725855	-1696.588796	0	0	0	765.000000	232.000000	0.000000	0.518880	-0.269040	3.370700	-161.865230	-184.005273	-263.627496
244	243.678148	359.963878	0.000000	254.000000	232.000000	0.000000	30.080999	-27.883199	446.050306	57078.326793	4604.065362	-1972.168595	0	0	0	765.000000	232.000000	0.000000	0.135360	-0.493240	4.646100	-105.385527	-198.829371	-177.993721
245	239.372558	364.124847	0.000000	254.000000	232.000000	0.000000	33.766199	-30.413999	394.952305	52183.013096	5777.141920	-2319.321054	0	0	0	765.000000	232.000000	0.000000	0.541440	-0.403560	4.281700	-64.233355	-251.793194	-279.909979
246	234.185998	362.633278	0.000000	254.000000	232.000000	0.000000	33.988199	-31.923599	365.967405	47807.521880	7251.278720	-2865.974157	0	0	0	765.000000	232.000000	0.000000	0.022560	-0.448400	3.461800	-93.805030	-296.528819	-280.162864
247	231.011375	365.322646	0.000000	254.000000	232.000000	0.000000	34.232399	-31.701599	342.180405	45620.396850	7866.256998	-2763.799648	0	0	0	765.000000	232.000000	0.000000	0.270720	-0.269040	2.824100	-30.300649	-201.947652	-295.990085
248	228.667238	362.602431	0.000000	254.000000	232.000000	0.000000	31.834799	-32.456399	327.379605	42756.572263	8293.429507	-2496.619674	0	0	0	765.000000	232.000000	0.000000	0.293280	-0.269040	2.915200	-86.630211	-240.555229	-242.203377
249	229.796768	363.140206	0.000000	254.000000	232.000000	0.000000	30.658199	-31.324199	312.755004	41014.755712	7569.681869	-2043.114328	0	0	0	765.000000	232.000000	0.000000	0.225600	-0.201780	3.461800	-18.552965	-191.537645	-301.306406
250	230.765807	359.509117	0.000000	254.000000	232.000000	0.000000	25.951799	-29.481599	311.433504	39710.611034	7235.906053	-1629.053100	0	0	0	765.000000	232.000000	0.000000	0.112800	-0.269040	3.006300	-30.370978	-205.436171	-215.384043
251	235.442049	359.445821	0.000000	254.000000	232.000000	0.000000	23.354400	-27.638999	313.636004	39971.598099	5820.441596	-970.885937	0	0	0	765.000000	232.000000	0.000000	0.248160	-0.381140	3.188500	77.795093	-201.499179	-263.863487
252	239.578531	357.352106	0.000000	254.000000	232.000000	0.000000	18.492600	-28.726799	327.467705	41048.766425	4722.565191	-467.663079	0	0	0	765.000000	232.000000	0.000000	0.045120	-0.605340	5.101600	-81.766546	-327.546820	-274.960447
253	246.523102	359.955526	0.000000	254.000000	232.000000	0.000000	16.072800	-33.854999	342.092305	43772.600904	2557.789373	-244.579349	0	0	0	765.000000	232.000000	0.000000	0.834720	0.022420	3.735100	18.193529	-243.726521	-252.408099
254	252.437526	360.954161	0.000000	254.000000	232.000000	0.000000	11.588400	-41.869199	362.707705	46772.667960	566.721500	-189.813441	0	0	0	765.000000	232.000000	0.000000	0.451200	-0.201780	4.828300	-84.757231	-248.930697	-252.819124
255	259.026481	364.548160	0.000000	254.000000	232.000000	0.000000	8.880000	-48.817799	382.618305	50715.352428	-1923.223616	-6.538576	0	0	0	765.000000	232.000000	0.000000	0.496320	-0.448400	3.188500	-28.022739	-173.509438	-231.579793
256	263.490738	364.771109	0.000000	254.000000	232.000000	0.000000	5.727600	-53.191199	412.131806	54719.196868	-3911.434973	52.147968	0	0	0	765.000000	232.000000	0.000000	0.338400	-0.381140	4.190600	-100.857310	-309.646505	-328.362254
257	268.535571	369.077439	0.000000	254.000000	232.000000	0.000000	2.841600	-58.519199	440.500006	60382.612829	-6402.918976	244.214265	0	0	0	765.000000	232.000000	0.000000	0.496320	-0.224200	3.097400	-28.665185	-248.652181	-306.606006
258	272.388985	369.785989	0.000000	254.000000	232.000000	0.000000	-1.243200	-66.289199	477.766307	65829.503141	-8785.637549	454.465713	0	0	0	765.000000	232.000000	0.000000	0.270720	-0.425980	4.737200	-65.279657	-401.721927	-231.640576
259	276.765703	371.848092	0.000000	254.000000	232.000000	0.000000	-3.996000	-71.927999	511.684807	71558.144048	-11648.864294	695.428566	0	0	0	765.000000	232.000000	0.000000	0.180480	-0.224200	3.188500	224.624439	-198.871435	-285.216721
260	278.921327	370.878304	0.000000	254.000000	232.000000	0.000000	-7.437000	-76.145998	548.246308	76139.517583	-13663.025280	994.183193	0	0	0	765.000000	232.000000	0.000000	0.225600	-0.627760	4.372800	58.380285	-230.231050	-323.317280
261	281.546326	370.070350	0.000000	254.000000	232.000000	0.000000	-9.346200	-77.144998	579.169408	79966.123082	-15953.989509	1332.417236	0	0	0	765.000000	232.000000	0.000000	0.112800	-0.246620	3.917300	-11.087346	-215.910975	-199.224344
262	283.131329	368.049404	0.000000	254.000000	232.000000	0.000000	-11.211000	-75.391198	608.154308	82739.031034	-17716.343328	1537.073280	0	0	0	765.000000	232.000000	0.000000	0.631680	-0.358720	4.372800	-109.439559	-293.028514	-258.311349
263	285.052451	365.337634	0.000000	254.000000	232.000000	0.000000	-10.900200	-72.926998	637.051109	84942.887370	-19781.998108	1785.741763	0	0	0	765.000000	232.000000	0.000000	0.203040	0.067260	4.008400	-149.054199	-322.989698	-279.488330
264	285.785557	361.818494	0.000000	254.000000	232.000000	0.000000	-10.012200	-69.286199	665.947909	86452.354541	-21167.525431	1785.295099	0	0	0	765.000000	232.000000	0.000000	0.360960	-0.381140	3.188500	-81.705700	-93.004347	-296.086746
265	286.389453	358.883487	0.000000	254.000000	232.000000	0.000000	-8.857800	-63.602999	693.082710	87940.751212	-22448.569616	1851.313426	0	0	0	765.000000	232.000000	0.000000	0.631680	-0.246620	3.279600	64.218003	-197.684186	-247.424256
266	286.718917	355.175051	0.000000	254.000000	232.000000	0.000000	-7.858800	-58.630199	717.398310	88365.573176	-23472.495950	1979.645782	0	0	0	765.000000	232.000000	0.000000	0.518880	-0.269040	4.463900	-12.168813	-364.005405	-328.161095
267	287.312807	352.171284	0.000000	254.000000	232.000000	0.000000	-7.437000	-54.123599	732.903910	88074.003834	-24415.086218	2179.236447	0	0	0	765.000000	232.000000	0.000000	0.270720	-0.291460	3.097400	6.252977	-286.924037	-226.104984
268	287.706763	348.754898	0.000000	254.000000	232.000000	0.000000	-8.147400	-49.306199	740.040010	86403.296148	-24944.353130	2534.575388	0	0	0	765.000000	232.000000	0.000000	0.541440	-0.089680	2.824100	-79.631215	-231.271028	-306.430798
269	288.406198	345.935454	0.000000	254.000000	232.000000	0.000000	-8.258400	-44.954999	737.485110	84025.700482	-25374.058908	2840.951729	0	0	0	765.000000	232.000000	0.000000	0.135360	-0.717440	2.550800	-150.811129	-205.777784	-232.034708
270	289.009612	342.573463	0.000000	254.000000	232.000000	0.000000	-8.214000	-41.713799	734.754010	81244.295192	-25723.452658	3067.379672	0	0	0	765.000000	232.000000	0.000000	0.248160	-0.134520	1.548700	-137.174266	-256.012896	-263.574202
271	289.443574	339.556312	0.000000	254.000000	232.000000	0.000000	-8.147400	-37.384799	729.115610	78420.985876	-25842.463210	3258.156704	0	0	0	765.000000	232.000000	0.000000	0.112800	-0.201780	3.552900	-168.706522	-337.764139	-242.194147
272	289.686829	335.339139	0.000000	254.000000	232.000000	0.000000	-9.301800	-32.300999	725.503510	74972.908013	-25890.919852	3502.427030	0	0	0	765.000000	232.000000	0.000000	0.451200	-0.560500	3.826200	-32.621286	-219.536633	-285.506703
273	290.404626	331.150251	0.000000	254.000000	232.000000	0.000000	-9.612600	-26.417999	721.715210	71558.244235	-26273.772270	3915.395796	0	0	0	765.000000	232.000000	0.000000	0.022560	-0.470820	4.190600	186.515161	-278.571300	-307.078163
274	290.413280	327.150129	0.000000	254.000000	232.000000	0.000000	-10.922400	-19.491600	717.134010	68235.393404	-26113.201554	4261.780912	0	0	0	765.000000	232.000000	0.000000	0.451200	-0.022420	3.644000	35.252535	-247.541513	-317.142335
275	291.095834	323.744815	0.000000	254.000000	232.000000	0.000000	-11.055600	-13.830600	712.640910	65381.108547	-26436.008659	4536.941353	0	0	0	765.000000	232.000000	0.000000	0.609120	-0.067260	3.826200	-32.235549	-272.699037	-236.466975
276	291.354620	320.610465	0.000000	254.000000	232.000000	0.000000	-11.166600	-8.591400	709.909810	62905.438064	-26518.411322	4638.776646	0	0	0	765.000000	232.000000	0.000000	0.383520	-0.224200	2.915200	83.993939	-394.558094	-285.138347
277	291.437866	317.448443	0.000000	254.000000	232.000000	0.000000	-10.744800	-4.972800	713.433810	60961.808375	-26709.439494	4553.958340	0	0	0	765.000000	232.000000	0.000000	0.338400	-0.112100	3.917300	87.959523	-215.263920	-306.535470
278	291.536045	314.862565	0.000000	254.000000	232.000000	0.000000	-11.033400	-1.931400	717.662610	59467.364873	-26938.216365	4464.865529	0	0	0	765.000000	232.000000	0.000000	0.360960	-0.538080	3.279600	81.048975	-281.235215	-280.137437
279	291.164683	312.429785	0.000000	254.000000	232.000000	0.000000	-10.323000	-0.666000	722.508110	58111.172254	-26851.785140	4291.284971	0	0	0	765.000000	232.000000	0.000000	0.518880	-0.313880	5.648200	-33.131709	-318.363587	-263.680093
280	291.167135	309.826566	0.000000	254.000000	232.000000	0.000000	-9.901200	0.910200	726.560710	56545.724729	-27004.180222	4015.495049	0	0	0	765.000000	232.000000	0.000000	0.293280	-0.067260	3.370700	-3.912527	-363.370136	-209.699889
281	291.062590	308.020188	0.000000	254.000000	232.000000	0.000000	-10.012200	1.376400	727.441710	55300.255906	-26960.873813	3828.787171	0	0	0	765.000000	232.000000	0.000000	0.406080	-0.179360	4.372800	-46.181331	-274.863168	-258.188042
282	291.204311	305.918328	0.000000	254.000000	232.000000	0.000000	-10.212000	1.709400	728.851310	53875.470430	-27116.410720	3579.875486	0	0	0	765.000000	232.000000	0.000000	0.676800	0.067260	2.641900	-17.173136	-151.656991	-214.771859
283	291.177299	304.138434	0.000000	254.000000	232.000000	0.000000	-10.078800	1.265400	728.234610	52533.704460	-27073.795708	3308.742686	0	0	0	765.000000	232.000000	0.000000	0.428640	-0.291460	2.733000	6.393635	-123.316390	-285.199827
284	291.308218	301.731472	0.000000	254.000000	232.000000	0.000000	-9.723600	1.465200	728.146510	50774.727723	-27165.848767	3073.079533	0	0	0	765.000000	232.000000	0.000000	0.000000	-0.336300	3.006300	-70.512013	-238.681400	-156.350680
285	291.131643	298.822735	0.000000	254.000000	232.000000	0.000000	-9.546000	2.575200	729.468010	48745.047707	-27086.345949	3072.959653	0	0	0	765.000000	232.000000	0.000000	0.112800	-0.336300	3.370700	-70.652672	-168.238811	-333.774538
286	291.027073	295.964790	0.000000	254.000000	232.000000	0.000000	-9.945600	4.018200	726.913110	46496.844698	-26915.464676	2944.009138	0	0	0	765.000000	232.000000	0.000000	0.180480	-0.515660	4.008400	-21.568258	-303.301382	-156.491404
287	291.239548	292.919590	0.000000	254.000000	232.000000	0.000000	-10.922400	5.749800	724.005810	44106.137347	-26961.649438	3001.826552	0	0	0	765.000000	232.000000	0.000000	0.451200	-0.224200	3.552900	-150.812202	-256.840853	-279.734423
288	291.179506	290.769499	0.000000	254.000000	232.000000	0.000000	-11.655000	7.969800	719.688910	42295.756894	-26757.678340	3037.337158	0	0	0	765.000000	232.000000	0.000000	0.293280	-0.493240	2.459700	-20.099981	-211.802326	-242.466364
289	291.092380	288.639351	0.000000	254.000000	232.000000	0.000000	-12.121200	9.190800	716.957810	40608.025310	-26593.671787	3086.216065	0	0	0	765.000000	232.000000	0.000000	0.360960	-0.156940	5.648200	-167.774350	-105.295775	-322.712759
290	291.336530	286.761860	0.000000	254.000000	232.000000	0.000000	-12.432000	10.611600	715.283910	39170.277472	-26706.219445	3006.146788	0	0	0	765.000000	232.000000	0.000000	0.406080	-0.022420	3.188500	-95.925236	-339.317387	-214.981551
291	290.949131	284.933521	0.000000	254.000000	232.000000	0.000000	-12.565200	12.232200	717.926910	38002.398830	-26526.775246	3072.715453	0	0	0	765.000000	232.000000	0.000000	0.180480	-0.291460	3.826200	5.971660	-124.369854	-301.429017
292	290.187833	283.298508	0.000000	254.000000	232.000000	0.000000	-11.877000	14.074800	719.160310	36891.851265	-26024.852849	3099.117611	0	0	0	765.000000	232.000000	0.000000	0.203040	0.112100	3.370700	-25.095894	-199.961070	-274.057933
293	289.288730	281.653679	0.000000	254.000000	232.000000	0.000000	-11.233200	16.761000	720.746110	35787.695840	-25434.214907	3098.790050	0	0	0	765.000000	232.000000	0.000000	0.180480	-0.291460	4.190600	-3.551398	-341.139905	-296.051217
294	288.576900	280.356346	0.000000	254.000000	232.000000	0.000000	-10.722600	17.915400	723.917710	35006.015177	-25030.829953	2876.358334	0	0	0	765.000000	232.000000	0.000000	0.022560	-0.582920	3.644000	-117.863032	-287.336339	-382.498856
295	288.093464	279.060086	0.000000	254.000000	232.000000	0.000000	-10.212000	19.092000	726.032110	34167.133528	-24752.949680	2622.809841	0	0	0	765.000000	232.000000	0.000000	0.518880	0.067260	2.824100	151.639727	-380.894320	-263.233016
296	287.273316	278.039612	0.000000	254.000000	232.000000	0.000000	-9.634800	20.379600	728.410810	33535.750764	-24236.642832	2249.225809	0	0	0	765.000000	232.000000	0.000000	0.135360	-0.425980	3.644000	-27.328083	-235.278709	-231.692825
297	286.863209	276.769447	0.000000	254.000000	232.000000	0.000000	-9.279600	21.356400	728.851310	32630.269951	-23952.393291	1906.820492	0	0	0	765.000000	232.000000	0.000000	0.586560	-0.201780	4.190600	28.077716	-300.469165	-274.278075
298	286.781214	276.240407	0.000000	254.000000	232.000000	0.000000	-9.301800	21.778200	726.825010	32155.034320	-23826.206265	1644.535623	0	0	0	765.000000	232.000000	0.000000	0.451200	-0.493240	2.277500	-85.706449	-292.969611	-263.916607
299	286.500391	275.422387	0.000000	254.000000	232.000000	0.000000	-8.991000	21.978000	723.124810	31399.805494	-23501.839129	1484.445242	0	0	0	765.000000	232.000000	0.000000	0.383520	-0.179360	2.459700	10.851523	-281.149387	-311.974750
300	286.424597	274.765396	0.000000	254.000000	232.000000	0.000000	-9.057600	22.333200	720.569910	30815.457780	-23364.188640	1404.418478	0	0	0	765.000000	232.000000	0.000000	0.518880	-0.470820	4.008400	-188.710492	-278.815300	-339.153383
301	286.617339	274.188897	0.000000	254.000000	232.000000	0.000000	-9.235200	21.822600	718.455510	30310.845158	-23434.107189	1395.600406	0	0	0	765.000000	232.000000	0.000000	0.428640	-0.246620	3.917300	45.207051	-171.736576	-274.391630
302	286.455789	274.042802	0.000000	254.000000	232.000000	0.000000	-9.790200	21.378600	717.750710	30176.251303	-23295.165530	1271.273046	0	0	0	765.000000	232.000000	0.000000	0.045120	-0.403560	4.190600	-73.580590	-175.979010	-242.456959
303	286.523851	273.748711	0.000000	254.000000	232.000000	0.000000	-10.034400	20.512800	714.755310	29840.112603	-23246.595080	1258.050045	0	0	0	765.000000	232.000000	0.000000	0.157920	-0.246620	2.915200	-1.318136	-376.392748	-220.718128
304	286.827153	273.629339	0.000000	254.000000	232.000000	0.000000	-10.989000	20.246400	712.817110	29674.105107	-23399.756043	1236.013411	0	0	0	765.000000	232.000000	0.000000	0.496320	-0.560500	2.733000	-210.464903	-361.099144	-220.955686
305	287.229188	273.881094	0.000000	254.000000	232.000000	0.000000	-11.788200	19.580400	711.319410	29790.834746	-23636.566547	1298.436553	0	0	0	765.000000	232.000000	0.000000	0.451200	-0.067260	3.188500	-88.283794	-303.444414	-252.661332
306	287.734336	274.405777	0.000000	254.000000	232.000000	0.000000	-12.365400	18.426000	706.826310	29973.519130	-23844.316137	1427.534920	0	0	0	765.000000	232.000000	0.000000	0.451200	-0.336300	1.639800	-41.837346	-188.753384	-263.732516
307	288.398407	274.721985	0.000000	254.000000	232.000000	0.000000	-13.231200	17.205000	705.592910	30144.329385	-24271.272427	1587.804121	0	0	0	765.000000	232.000000	0.000000	0.203040	-0.358720	4.555000	-109.509889	-248.381256	-269.232405
308	288.594249	275.523280	0.000000	254.000000	232.000000	0.000000	-13.564200	16.472400	707.883510	30809.412415	-24488.698603	1654.596007	0	0	0	765.000000	232.000000	0.000000	0.293280	-0.134520	4.099500	-166.306073	-241.944413	-263.556785
309	288.819314	276.113955	0.000000	254.000000	232.000000	0.000000	-14.385600	16.361400	710.350310	31336.361492	-24733.910622	1668.083632	0	0	0	765.000000	232.000000	0.000000	0.315840	-0.493240	3.735100	54.466911	-308.236289	-280.102256
310	289.129096	276.874916	0.000000	254.000000	232.000000	0.000000	-15.895200	15.850800	710.526510	31884.817255	-24960.153796	1792.848665	0	0	0	765.000000	232.000000	0.000000	0.248160	-0.605340	3.552900	31.420047	-267.770023	-334.037873
311	289.806625	277.532684	0.000000	254.000000	232.000000	0.000000	-16.916400	15.384600	710.438410	32348.167314	-25438.401484	1913.079676	0	0	0	765.000000	232.000000	0.000000	0.067680	-0.560500	3.735100	-117.027718	-213.945425	-296.410341
312	290.216342	278.567955	0.000000	254.000000	232.000000	0.000000	-17.626800	14.452200	706.650110	32907.250304	-25592.282036	1913.278588	0	0	0	765.000000	232.000000	0.000000	0.406080	-0.381140	3.006300	-34.723373	-132.167257	-349.847330
313	290.267918	279.389849	0.000000	254.000000	232.000000	0.000000	-17.671200	13.320000	704.800010	33400.366247	-25561.628892	1851.146931	0	0	0	765.000000	232.000000	0.000000	-0.112800	-0.156940	4.008400	20.506604	-122.602886	-279.873231
314	290.083619	280.427999	0.000000	254.000000	232.000000	0.000000	-17.693400	12.609600	703.830910	34085.122856	-25396.766489	1900.102650	0	0	0	765.000000	232.000000	0.000000	0.564000	-0.269040	2.550800	54.246441	-325.888366	-295.876879
315	289.893489	281.399171	0.000000	254.000000	232.000000	0.000000	-17.626800	11.677200	700.923610	34625.045021	-25158.593642	1846.825585	0	0	0	765.000000	232.000000	0.000000	0.518880	-0.112100	3.826200	-15.211707	-278.601579	-284.954605
316	289.140186	282.422486	0.000000	254.000000	232.000000	0.000000	-17.227200	10.345200	699.954510	35293.446414	-24596.531612	1846.862215	0	0	0	765.000000	232.000000	0.000000	0.406080	0.022420	3.644000	140.199888	-226.977283	-317.107154

