	Force Plate 1												Force Plate 2
Sample #	COP:X	COP:Y	COP:Z	Ref:X	Ref:Y	Ref:Z	Force:X	Force:Y	Force:Z	Moment:X	Moment:Y	Moment:Z	COP:X	COP:Y	COP:Z	Ref:X	Ref:Y	Ref:Z	Force:X	Force:Y	Force:Z	Moment:X	Moment:Y	Moment:Z
1	303.813722	141.187969	0.000000	254.000000	232.000000	0.000000	-13.542000	5.994000	500.672307	-45467.069210	-24940.351038	1135.365374	0	0	0	765.000000	232.000000	0.000000	0.180480	0.067260	2.733000	104.762894	-245.368136	-317.141638
2	303.513407	139.176579	0.000000	254.000000	232.000000	0.000000	-12.254400	4.329000	501.289007	-46531.360733	-24820.526580	1144.163244	0	0	0	765.000000	232.000000	0.000000	0.293280	0.470820	3.006300	167.238019	-240.662089	-332.758121
3	302.434169	138.505188	0.000000	254.000000	232.000000	0.000000	-10.323000	4.440000	507.544107	-47452.740988	-24582.477286	1406.071379	0	0	0	765.000000	232.000000	0.000000	0.248160	-0.403560	4.190600	-92.345389	-268.518045	-220.867386
4	301.457146	139.093608	0.000000	254.000000	232.000000	0.000000	-9.146400	4.129200	515.561207	-47898.931866	-24467.063368	1316.990335	0	0	0	765.000000	232.000000	0.000000	0.586560	-0.089680	3.644000	51.405898	-299.828003	-311.791182
5	301.397086	141.167523	0.000000	254.000000	232.000000	0.000000	-7.858800	2.042400	527.102307	-47878.008074	-24983.113178	956.886935	0	0	0	765.000000	232.000000	0.000000	0.428640	-0.381140	3.735100	-100.681487	-434.896467	-242.282622
6	302.197768	143.869949	0.000000	254.000000	232.000000	0.000000	-7.503600	1.509600	543.048407	-47858.884119	-26173.721337	610.157385	0	0	0	765.000000	232.000000	0.000000	0.699360	0.179360	1.548700	-3.016366	-264.124987	-193.120457
7	303.261080	146.966893	0.000000	254.000000	232.000000	0.000000	-6.726600	-1.931400	553.708508	-47083.555040	-27276.279158	-16.448334	0	0	0	765.000000	232.000000	0.000000	0.315840	-0.538080	4.555000	-97.708921	-243.354629	-296.288253
8	304.518330	149.750076	0.000000	254.000000	232.000000	0.000000	-7.015200	-6.748800	562.782808	-46288.843059	-28430.847620	-584.972459	0	0	0	765.000000	232.000000	0.000000	0.496320	0.358720	3.188500	22.079302	-295.790043	-300.544441
9	304.812105	151.492522	0.000000	254.000000	232.000000	0.000000	-6.904200	-6.660000	574.412008	-46244.461845	-29187.083036	-816.138997	0	0	0	765.000000	232.000000	0.000000	0.699360	-0.089680	3.735100	-4.923664	-153.815230	-263.347441
10	304.045188	151.966940	0.000000	254.000000	232.000000	0.000000	-7.525800	-8.214000	573.442908	-45894.390716	-28698.058233	-1011.485904	0	0	0	765.000000	232.000000	0.000000	0.112800	-0.358720	2.186400	3.993186	-223.286829	-183.222437
11	303.398096	151.249955	0.000000	254.000000	232.000000	0.000000	-7.703400	-8.524800	565.778208	-45686.615891	-27948.366280	-984.759959	0	0	0	765.000000	232.000000	0.000000	0.293280	-0.381140	3.188500	49.647894	-193.844808	-296.112870
12	302.337161	150.130051	0.000000	254.000000	232.000000	0.000000	-7.703400	-9.523800	553.268008	-45296.023814	-26743.404558	-1140.255045	0	0	0	765.000000	232.000000	0.000000	0.248160	-0.246620	3.006300	-67.030097	-144.848256	-156.149695
13	300.915222	149.756072	0.000000	254.000000	232.000000	0.000000	-10.145400	-9.124200	545.867608	-44894.296414	-25609.499844	-1144.304663	0	0	0	765.000000	232.000000	0.000000	0.248160	-0.807120	3.097400	-51.297637	-229.610920	-264.363161
14	299.854918	150.284540	0.000000	254.000000	232.000000	0.000000	-12.143400	-5.039400	548.246308	-44800.199438	-25139.789234	-779.791783	0	0	0	765.000000	232.000000	0.000000	0.045120	-0.179360	2.824100	-73.730731	-296.656711	-188.415973
15	297.611593	152.700935	0.000000	254.000000	232.000000	0.000000	-11.965800	-5.194800	561.108908	-44495.411654	-24470.853409	-446.435418	0	0	0	765.000000	232.000000	0.000000	0.586560	0.067260	3.279600	-186.302480	-186.526157	-263.206891
16	295.199777	154.855527	0.000000	254.000000	232.000000	0.000000	-10.545000	-6.837600	569.390308	-43925.315283	-23458.753799	-24.277618	0	0	0	765.000000	232.000000	0.000000	0.293280	-0.201780	2.095300	10.121703	-230.187286	-242.124481
17	293.189280	156.916462	0.000000	254.000000	232.000000	0.000000	-9.124200	-6.127200	575.733508	-43228.108886	-22562.581649	-15.693090	0	0	0	765.000000	232.000000	0.000000	0.699360	-0.112100	2.550800	-24.101803	-199.457048	-301.018340
18	291.819909	160.211278	0.000000	254.000000	232.000000	0.000000	-7.969800	-10.989000	583.045808	-41856.113291	-22050.739376	-806.716196	0	0	0	765.000000	232.000000	0.000000	0.406080	-0.067260	3.644000	-172.901213	-405.695091	-317.212348
19	290.888962	162.955900	0.000000	254.000000	232.000000	0.000000	-6.060600	-16.583400	587.362708	-40553.929735	-21667.200609	-1775.612792	0	0	0	765.000000	232.000000	0.000000	0.135360	0.134520	3.461800	107.093014	-263.283590	-268.679958
20	289.676292	165.992599	0.000000	254.000000	232.000000	0.000000	-5.616600	-19.824600	590.534308	-38979.634891	-21068.074572	-2579.976227	0	0	0	765.000000	232.000000	0.000000	0.609120	0.156940	4.281700	4.440616	-254.420938	-203.937189
21	288.529778	168.004331	0.000000	254.000000	232.000000	0.000000	-5.661000	-22.044600	585.512608	-37470.271201	-20217.620630	-3028.735874	0	0	0	765.000000	232.000000	0.000000	0.135360	-0.201780	4.008400	-18.763952	-94.613144	-226.052038
22	287.172382	170.007924	0.000000	254.000000	232.000000	0.000000	-6.327000	-20.246400	594.939308	-36881.522943	-19735.553812	-3197.673187	0	0	0	765.000000	232.000000	0.000000	0.157920	-0.089680	3.826200	-98.782825	-236.368344	-204.400637
23	286.769075	169.684717	0.000000	254.000000	232.000000	0.000000	-7.659000	-14.319000	614.938008	-38320.035890	-20150.949697	-2628.954257	0	0	0	765.000000	232.000000	0.000000	0.496320	-0.067260	3.552900	-50.894854	-258.592683	-231.132716
24	285.788132	169.062650	0.000000	254.000000	232.000000	0.000000	-8.103000	-8.724600	629.650709	-39628.546766	-20015.419766	-1953.684083	0	0	0	765.000000	232.000000	0.000000	0.383520	-0.022420	3.370700	-95.995565	-272.811790	-306.412859
25	285.536035	168.993210	0.000000	254.000000	232.000000	0.000000	-9.523800	-4.306800	650.794709	-41004.485521	-20523.484928	-1287.038841	0	0	0	765.000000	232.000000	0.000000	0.541440	0.000000	3.644000	36.123014	-288.669973	-290.192203
26	285.307251	170.056784	0.000000	254.000000	232.000000	0.000000	-9.368400	-3.552000	675.110309	-41818.503445	-21135.847978	-993.756409	0	0	0	765.000000	232.000000	0.000000	0.451200	0.112100	4.099500	-72.289209	-483.230825	-343.873543
27	284.794543	170.690884	0.000000	254.000000	232.000000	0.000000	-8.547000	-2.397600	691.496910	-42395.063977	-21294.331100	-829.527499	0	0	0	765.000000	232.000000	0.000000	0.564000	-0.022420	4.646100	147.454519	-365.970954	-247.187394
28	284.003032	172.027885	0.000000	254.000000	232.000000	0.000000	-6.882000	-2.641800	705.592910	-42315.898956	-21169.926332	-776.459336	0	0	0	765.000000	232.000000	0.000000	0.022560	0.112100	3.917300	124.811511	-240.625918	-209.593998
29	282.927097	173.421669	0.000000	254.000000	232.000000	0.000000	-4.351200	-4.995000	715.460110	-41910.458893	-20696.183853	-878.948974	0	0	0	765.000000	232.000000	0.000000	0.360960	-0.246620	2.824100	-123.254166	-393.575319	-177.617354
30	282.094772	174.982658	0.000000	254.000000	232.000000	0.000000	-1.887000	-8.880000	723.477210	-41250.747853	-20325.927008	-1083.539417	0	0	0	765.000000	232.000000	0.000000	0.360960	-0.493240	3.461800	45.190006	-309.667537	-263.951439
31	281.036970	176.715299	0.000000	254.000000	232.000000	0.000000	-0.488400	-15.451200	727.529810	-40221.267681	-19670.201588	-1572.208495	0	0	0	765.000000	232.000000	0.000000	0.112800	-0.067260	3.826200	-107.294745	-328.678519	-220.525155
32	280.100055	178.341553	0.000000	254.000000	232.000000	0.000000	-0.333000	-22.155600	726.913110	-39005.028784	-18972.471980	-2087.319358	0	0	0	765.000000	232.000000	0.000000	0.451200	-0.156940	3.006300	-166.754577	-190.356289	-177.477327
33	279.355765	180.406073	0.000000	254.000000	232.000000	0.000000	-1.509600	-26.129399	734.489710	-37895.208421	-18623.548788	-2531.295566	0	0	0	765.000000	232.000000	0.000000	0.045120	-0.179360	2.368600	57.798686	-183.248005	-209.927172
34	278.865288	182.307735	0.000000	254.000000	232.000000	0.000000	-2.109000	-29.770199	744.445010	-36993.158909	-18510.839370	-2948.729423	0	0	0	765.000000	232.000000	0.000000	0.360960	-0.291460	2.277500	-12.195341	-280.059752	-306.737151
35	278.477847	183.634421	0.000000	254.000000	232.000000	0.000000	-2.553000	-31.257599	747.969010	-36175.954398	-18308.670633	-3299.687745	0	0	0	765.000000	232.000000	0.000000	0.338400	-0.358720	2.824100	22.511833	-185.762995	-204.646556
36	277.973655	184.224667	0.000000	254.000000	232.000000	0.000000	-3.241200	-32.966999	752.021610	-35928.082653	-18028.706424	-3672.810572	0	0	0	765.000000	232.000000	0.000000	0.315840	-0.022420	3.735100	-39.841826	-44.862678	-327.950184
37	277.684307	184.713593	0.000000	254.000000	232.000000	0.000000	-4.062600	-33.632999	754.047910	-35656.216309	-17859.102570	-4045.993562	0	0	0	765.000000	232.000000	0.000000	0.293280	-0.425980	3.188500	0.994938	-363.156415	-258.520868
38	277.021278	184.796775	0.000000	254.000000	232.000000	0.000000	-3.729600	-34.809599	754.576510	-35618.444657	-17371.315249	-4348.217720	0	0	0	765.000000	232.000000	0.000000	0.360960	-0.807120	2.915200	-23.080109	-403.088380	-285.830821
39	275.449565	184.816415	0.000000	254.000000	232.000000	0.000000	-3.352200	-37.873199	760.655410	-35890.448882	-16315.727638	-4583.623686	0	0	0	765.000000	232.000000	0.000000	-0.022560	-0.538080	4.463900	-31.996959	-239.515250	-307.174475
40	273.881697	184.205460	0.000000	254.000000	232.000000	0.000000	-2.775000	-41.291999	766.029511	-36612.028369	-15229.966839	-4730.136198	0	0	0	765.000000	232.000000	0.000000	0.383520	-0.022420	3.279600	35.393194	-329.142132	-333.301859
41	271.781720	182.626707	0.000000	254.000000	232.000000	0.000000	-2.863800	-42.446399	773.782311	-38204.181001	-13759.180065	-4378.873292	0	0	0	765.000000	232.000000	0.000000	0.676800	-0.067260	4.281700	-60.558570	-266.454882	-327.863450
42	269.926631	180.415475	0.000000	254.000000	232.000000	0.000000	-1.265400	-40.514999	792.900011	-40901.370256	-12628.225652	-4419.312526	0	0	0	765.000000	232.000000	0.000000	0.518880	-0.313880	2.004200	99.628468	-182.402369	-301.324693
43	268.209897	178.554240	0.000000	254.000000	232.000000	0.000000	0.821400	-39.027599	811.224811	-43356.526272	-11527.420934	-4099.756696	0	0	0	765.000000	232.000000	0.000000	0.518880	-0.269040	2.915200	101.017780	-202.283373	-242.116296
44	265.979472	176.445016	0.000000	254.000000	232.000000	0.000000	2.397600	-37.562399	826.730411	-45928.994678	-9903.793747	-3464.514722	0	0	0	765.000000	232.000000	0.000000	0.473760	0.134520	2.824100	32.279970	-153.393681	-279.304936
45	263.130657	174.796640	0.000000	254.000000	232.000000	0.000000	3.862800	-36.274799	842.940812	-48219.046939	-7696.603030	-2731.449112	0	0	0	765.000000	232.000000	0.000000	0.135360	0.067260	4.646100	-36.711556	-377.547179	-263.381054
46	260.341723	173.229951	0.000000	254.000000	232.000000	0.000000	5.883000	-35.919599	858.622612	-50461.293278	-5445.146338	-2153.981040	0	0	0	765.000000	232.000000	0.000000	0.631680	-0.022420	3.097400	166.817117	-253.907668	-225.650070
47	258.039824	171.986651	0.000000	254.000000	232.000000	0.000000	7.636800	-34.298999	873.775812	-52438.212658	-3529.900838	-1492.112578	0	0	0	765.000000	232.000000	0.000000	0.248160	-0.112100	5.283800	-6.391942	-326.237571	-295.814703
48	256.758467	170.848344	0.000000	254.000000	232.000000	0.000000	8.280600	-30.302999	897.034212	-54855.127906	-2474.439473	-1092.494907	0	0	0	765.000000	232.000000	0.000000	0.518880	-0.313880	3.006300	-79.023934	-437.545243	-231.413293
49	255.718617	169.883925	0.000000	254.000000	232.000000	0.000000	9.901200	-26.995199	922.318913	-57290.830845	-1585.113233	-421.848110	0	0	0	765.000000	232.000000	0.000000	0.360960	-0.224200	3.006300	8.899578	-102.196827	-247.502455
50	254.703315	168.895704	0.000000	254.000000	232.000000	0.000000	13.342200	-22.577400	946.810713	-59747.823765	-665.905819	101.706311	0	0	0	765.000000	232.000000	0.000000	0.383520	-0.044840	1.822000	-96.268245	-223.964163	-177.371958
51	254.053017	169.028218	0.000000	254.000000	232.000000	0.000000	17.649000	-20.579400	983.107914	-61908.057015	-52.121578	718.647805	0	0	0	765.000000	232.000000	0.000000	0.631680	-0.089680	4.099500	60.612474	-311.520334	-257.995766
52	253.609708	169.497514	0.000000	254.000000	232.000000	0.000000	21.467400	-23.865000	1022.400514	-63902.574146	399.034551	1278.312454	0	0	0	765.000000	232.000000	0.000000	0.564000	-0.022420	3.370700	-11.553969	-467.943115	-257.942994
53	253.417134	169.872942	0.000000	254.000000	232.000000	0.000000	25.485599	-25.929599	1063.895615	-66096.704441	620.108543	1811.174458	0	0	0	765.000000	232.000000	0.000000	0.676800	-0.336300	2.915200	-61.094449	-133.165171	-338.934634
54	253.956437	170.324798	0.000000	254.000000	232.000000	0.000000	29.326199	-27.416999	1113.584015	-68680.518754	48.511078	2086.211356	0	0	0	765.000000	232.000000	0.000000	0.383520	-0.112100	4.008400	50.394760	-226.528810	-134.428454
55	254.758905	171.040565	0.000000	254.000000	232.000000	0.000000	31.279799	-30.991199	1169.351316	-71282.995161	-887.427116	2410.640424	0	0	0	765.000000	232.000000	0.000000	0.496320	-0.470820	3.097400	-169.594047	-258.058381	-339.162092
56	255.166928	170.821309	0.000000	254.000000	232.000000	0.000000	31.990199	-32.212199	1220.625517	-74676.271176	-1424.382115	2841.778801	0	0	0	765.000000	232.000000	0.000000	0.112800	-0.381140	2.733000	-109.677076	-252.146592	-242.404536
57	256.204168	170.610152	0.000000	254.000000	232.000000	0.000000	30.946799	-31.612799	1268.111418	-77849.167541	-2795.130987	3188.623457	0	0	0	765.000000	232.000000	0.000000	0.518880	-0.448400	3.370700	131.407724	-249.848676	-333.749285
58	257.495518	170.381993	0.000000	254.000000	232.000000	0.000000	27.772199	-36.341399	1320.707118	-81379.340833	-4616.555837	3616.277317	0	0	0	765.000000	232.000000	0.000000	0.135360	-0.089680	3.370700	-107.989401	-310.207732	-236.676145
59	258.257966	169.373962	0.000000	254.000000	232.000000	0.000000	22.732800	-35.586599	1364.669019	-85463.813245	-5810.714325	4919.483878	0	0	0	765.000000	232.000000	0.000000	0.564000	-0.201780	2.733000	0.493151	-250.852483	-285.042383
60	258.330797	167.707479	0.000000	254.000000	232.000000	0.000000	18.559200	-32.767199	1400.966219	-90071.650118	-6067.300256	5942.338746	0	0	0	765.000000	232.000000	0.000000	0.451200	-0.358720	3.552900	-34.063882	-266.247054	-253.003215
61	258.652141	166.924430	0.000000	254.000000	232.000000	0.000000	17.693400	-37.739999	1438.849220	-93633.932414	-6693.728940	6480.733105	0	0	0	765.000000	232.000000	0.000000	0.270720	0.089680	4.372800	151.912408	-231.982879	-247.169107
62	258.645342	165.329420	0.000000	254.000000	232.000000	0.000000	16.960800	-42.224399	1471.181920	-98084.552475	-6834.143086	6627.905068	0	0	0	765.000000	232.000000	0.000000	0.428640	-0.448400	4.008400	93.631974	-303.530242	-210.094718
63	258.655449	162.863168	0.000000	254.000000	232.000000	0.000000	18.625800	-37.118399	1492.942621	-103217.323619	-6950.317649	6613.870212	0	0	0	765.000000	232.000000	0.000000	-0.112800	-0.089680	3.006300	4.740052	-262.520428	-274.416535
64	258.757538	160.433636	0.000000	254.000000	232.000000	0.000000	20.002200	-36.807599	1509.241121	-108010.900157	-7180.271960	5733.494444	0	0	0	765.000000	232.000000	0.000000	0.451200	-0.313880	3.370700	-41.634994	-153.158928	-290.595217
65	259.272668	158.354078	0.000000	254.000000	232.000000	0.000000	21.978000	-38.117399	1518.227321	-111811.250184	-8005.109264	4804.248428	0	0	0	765.000000	232.000000	0.000000	0.360960	0.156940	2.550800	-13.656055	-280.380333	-273.944378
66	259.528318	156.011293	0.000000	254.000000	232.000000	0.000000	19.180800	-37.340399	1524.482421	-115843.447259	-8427.822851	3631.195732	0	0	0	765.000000	232.000000	0.000000	0.270720	-0.156940	3.552900	-176.347964	-325.083140	-295.858592
67	259.713261	153.636476	0.000000	254.000000	232.000000	0.000000	17.893200	-38.561399	1518.139221	-118966.738810	-8673.525534	2484.708698	0	0	0	765.000000	232.000000	0.000000	0.564000	-0.022420	2.459700	-1.819923	-288.156704	-220.298394
68	259.681723	151.064362	0.000000	254.000000	232.000000	0.000000	15.451200	-41.136599	1508.712521	-122108.610533	-8572.086857	1036.272008	0	0	0	765.000000	232.000000	0.000000	0.496320	-0.358720	3.552900	-109.123078	-202.155480	-274.496998
69	259.387312	147.958494	0.000000	254.000000	232.000000	0.000000	12.631800	-40.115399	1496.026121	-125728.288078	-8059.559809	201.023675	0	0	0	765.000000	232.000000	0.000000	0.293280	-0.022420	3.552900	-96.065894	-278.928053	-290.314292
70	258.733546	144.227233	0.000000	254.000000	232.000000	0.000000	11.721600	-38.627999	1478.846620	-129802.459891	-7000.187887	-1110.211083	0	0	0	765.000000	232.000000	0.000000	0.428640	-0.313880	2.459700	61.923047	-170.026812	-231.448126
71	258.777951	140.316680	0.000000	254.000000	232.000000	0.000000	13.475400	-35.253599	1454.619120	-133364.310419	-6950.099004	-2479.848003	0	0	0	765.000000	232.000000	0.000000	0.270720	-0.425980	3.188500	38.524537	-277.624697	-177.862576
72	258.458474	136.126545	0.000000	254.000000	232.000000	0.000000	11.721600	-26.551199	1430.303520	-137128.140239	-6376.970815	-3689.277326	0	0	0	765.000000	232.000000	0.000000	0.699360	0.022420	2.459700	-28.226164	-302.818392	-220.193548
73	258.366431	132.478923	0.000000	254.000000	232.000000	0.000000	13.098000	-20.512800	1403.433019	-139671.165199	-6127.993631	-4810.141312	0	0	0	765.000000	232.000000	0.000000	0.270720	-0.269040	3.279600	63.347524	-221.294355	-188.434086
74	257.982353	129.007911	0.000000	254.000000	232.000000	0.000000	13.320000	-16.849800	1376.914919	-141811.344210	-5483.361713	-5895.053244	0	0	0	765.000000	232.000000	0.000000	0.180480	-0.336300	2.368600	-182.854656	-216.722093	-279.970414
75	257.759588	126.519314	0.000000	254.000000	232.000000	0.000000	12.876000	-12.987000	1351.454019	-142552.296943	-5080.910062	-6304.224583	0	0	0	765.000000	232.000000	0.000000	0.406080	-0.112100	3.097400	-5.547991	-216.929921	-241.975746
76	257.768681	124.280691	0.000000	254.000000	232.000000	0.000000	10.278600	-11.854800	1330.045718	-143271.605612	-5012.517535	-6708.355630	0	0	0	765.000000	232.000000	0.000000	0.586560	-0.381140	3.188500	-72.323300	-139.388294	-236.843865
77	258.378367	122.175475	0.000000	254.000000	232.000000	0.000000	7.215000	-9.790200	1307.668318	-143614.052291	-5725.452125	-6730.209669	0	0	0	765.000000	232.000000	0.000000	0.360960	-0.425980	4.099500	-74.415904	-225.759756	-290.761543
78	258.898683	119.938370	0.000000	254.000000	232.000000	0.000000	3.374400	-7.503600	1289.872118	-144545.172021	-6318.675021	-6520.805484	0	0	0	765.000000	232.000000	0.000000	0.248160	-0.493240	2.733000	-29.587874	-257.402080	-237.105980
79	260.055538	117.736014	0.000000	254.000000	232.000000	0.000000	2.220000	-3.840600	1277.802418	-146006.797543	-7737.781715	-5614.116469	0	0	0	765.000000	232.000000	0.000000	0.428640	-0.022420	3.644000	54.017334	-218.446998	-241.861843
80	260.459485	114.197914	0.000000	254.000000	232.000000	0.000000	0.821400	1.731600	1274.014118	-150081.520197	-8229.475085	-4849.777460	0	0	0	765.000000	232.000000	0.000000	0.428640	-0.022420	3.188500	129.252354	-283.756099	-274.128643
81	261.481562	110.588437	0.000000	254.000000	232.000000	0.000000	-0.133200	8.635800	1267.494717	-153888.514252	-9482.840379	-3472.212688	0	0	0	765.000000	232.000000	0.000000	0.293280	-0.022420	4.828300	-96.558198	-346.267500	-333.336692
82	261.712118	106.844774	0.000000	254.000000	232.000000	0.000000	-2.308800	15.806400	1271.547318	-159140.792441	-9806.322779	-2267.810560	0	0	0	765.000000	232.000000	0.000000	0.360960	-0.134520	4.099500	49.489117	-272.790758	-344.197661
83	262.186455	102.942648	0.000000	254.000000	232.000000	0.000000	-0.510600	23.465400	1273.045018	-164295.819173	-10421.725251	-1019.692916	0	0	0	765.000000	232.000000	0.000000	0.180480	0.156940	4.008400	-117.425084	-275.082781	-284.769643
84	261.737373	98.764044	0.000000	254.000000	232.000000	0.000000	2.508600	32.212199	1279.652518	-170495.726967	-9901.148208	268.129030	0	0	0	765.000000	232.000000	0.000000	0.428640	0.044840	2.095300	113.520967	-282.473775	-295.560947
85	261.892496	95.192766	0.000000	254.000000	232.000000	0.000000	7.215000	42.379799	1283.088418	-175535.777124	-10126.769858	1702.227057	0	0	0	765.000000	232.000000	0.000000	0.225600	-0.044840	2.915200	-134.219819	-331.989489	-295.744515
86	261.594353	92.208888	0.000000	254.000000	232.000000	0.000000	8.724600	53.035799	1293.396118	-180805.281160	-9822.506369	2390.085424	0	0	0	765.000000	232.000000	0.000000	0.406080	-0.022420	2.459700	-86.261519	-234.994300	-214.981551
87	262.122489	89.595274	0.000000	254.000000	232.000000	0.000000	9.301800	61.382999	1293.043718	-184135.536817	-10502.732847	3242.756671	0	0	0	765.000000	232.000000	0.000000	0.203040	-0.291460	3.097400	43.782575	-209.046690	-220.753309
88	262.151986	87.640424	0.000000	254.000000	232.000000	0.000000	11.299800	71.550599	1299.739318	-187629.816484	-10595.457201	3539.408624	0	0	0	765.000000	232.000000	0.000000	0.293280	-0.067260	1.093200	-134.387006	-332.480027	-177.433089
89	262.670418	85.690554	0.000000	254.000000	232.000000	0.000000	14.851800	82.406398	1295.951018	-189609.875999	-11236.437072	3564.588561	0	0	0	765.000000	232.000000	0.000000	0.270720	-0.269040	2.915200	54.105782	-155.023511	-209.945286
90	262.589004	84.172020	0.000000	254.000000	232.000000	0.000000	16.516800	95.681998	1296.127218	-191603.867943	-11132.441289	3465.445135	0	0	0	765.000000	232.000000	0.000000	0.428640	-0.538080	4.008400	-144.409931	-209.468238	-237.088912
91	263.327915	82.563348	0.000000	254.000000	232.000000	0.000000	18.004200	111.443998	1288.110118	-192490.862823	-12015.381896	3881.753896	0	0	0	765.000000	232.000000	0.000000	0.406080	-0.112100	3.370700	-43.183083	-217.250502	-301.131546
92	263.594253	81.062172	0.000000	254.000000	232.000000	0.000000	17.427000	127.871997	1284.057518	-193812.853161	-12319.573250	4311.705683	0	0	0	765.000000	232.000000	0.000000	0.270720	-0.358720	3.552900	-52.828681	-174.583934	-279.961880
93	264.642956	79.687355	0.000000	254.000000	232.000000	0.000000	18.093000	146.764197	1270.842518	-193565.385039	-13525.520655	4772.357775	0	0	0	765.000000	232.000000	0.000000	0.496320	-0.089680	2.459700	-145.167353	-276.122760	-322.581614
94	265.155119	77.958180	0.000000	254.000000	232.000000	0.000000	16.738800	165.967197	1255.953617	-193469.380997	-14010.312424	4975.528527	0	0	0	765.000000	232.000000	0.000000	0.112800	-0.022420	2.550800	26.292111	-148.464667	-247.361557
95	266.475418	76.715517	0.000000	254.000000	232.000000	0.000000	18.204000	182.328596	1226.352017	-190433.439366	-15299.254179	5382.903221	0	0	0	765.000000	232.000000	0.000000	0.383520	-0.246620	2.733000	83.193789	-46.314958	-301.298046
96	267.386832	75.220459	0.000000	254.000000	232.000000	0.000000	16.849800	185.325596	1176.399316	-184435.344974	-15748.260251	5569.590454	0	0	0	765.000000	232.000000	0.000000	0.180480	0.022420	2.459700	-18.843764	-216.828954	-279.549635
97	269.816045	73.050031	0.000000	254.000000	232.000000	0.000000	16.028400	169.252797	1081.251315	-171864.862521	-17101.119290	5877.725034	0	0	0	765.000000	232.000000	0.000000	0.090240	-0.448400	2.368600	150.559334	-203.812235	-204.847540
98	271.576137	70.442353	0.000000	254.000000	232.000000	0.000000	13.342200	136.352397	950.158513	-153505.374111	-16700.115910	5738.587146	0	0	0	765.000000	232.000000	0.000000	-0.045120	-0.515660	4.190600	-96.697784	-370.005560	-339.423685
99	274.866233	66.422401	0.000000	254.000000	232.000000	0.000000	16.472400	85.514398	758.805310	-125641.161149	-15833.408239	6075.481413	0	0	0	765.000000	232.000000	0.000000	0.406080	0.067260	3.552900	104.446413	-226.870423	-236.387557
100	281.451352	61.358547	0.000000	254.000000	232.000000	0.000000	17.182800	13.120200	518.116107	-88412.085532	-14222.987739	6236.723635	0	0	0	765.000000	232.000000	0.000000	0.586560	0.022420	4.281700	83.659339	-375.825628	-257.881689
101	319.251720	49.228116	0.000000	254.000000	232.000000	0.000000	21.001200	-53.945999	224.919303	-41108.924836	-14676.371490	4992.375663	0	0	0	765.000000	232.000000	0.000000	0.428640	-0.022420	3.279600	82.305191	-302.675360	-188.083843
102	411.368185	22.125374	0.000000	254.000000	232.000000	0.000000	5.550000	-12.276600	23.963200	-5029.267706	-3771.045351	-2049.134201	0	0	0	765.000000	232.000000	0.000000	0.586560	0.134520	4.008400	-99.530764	-300.255444	-268.505795
103	0	0	0	254.000000	232.000000	0.000000	3.596400	1.420800	-2.643000	-172.784895	-768.166402	-134.093039	0	0	0	765.000000	232.000000	0.000000	0.383520	0.336300	3.461800	77.397726	-263.512450	-262.969681
104	0	0	0	254.000000	232.000000	0.000000	2.597400	0.954600	1.497700	-771.019825	-320.825583	-293.900924	0	0	0	765.000000	232.000000	0.000000	0.383520	-0.515660	3.279600	-21.286941	-244.486328	-274.724630
105	0	0	0	254.000000	232.000000	0.000000	3.529800	0.444000	-1.762000	-194.192844	-601.297940	-249.573245	0	0	0	765.000000	232.000000	0.000000	0.248160	0.224200	2.915200	16.961922	-267.022001	-284.664623
106	0	0	0	254.000000	232.000000	0.000000	2.442000	0.621600	-0.088100	-717.630222	-333.744668	-373.857092	0	0	0	765.000000	232.000000	0.000000	0.022560	-0.448400	3.826200	-28.268892	-343.987262	-274.785064
107	0	0	0	254.000000	232.000000	0.000000	3.796200	0.799200	-0.969100	-111.587176	-689.564418	-89.628274	0	0	0	765.000000	232.000000	0.000000	0.451200	-0.358720	3.917300	-34.204540	-341.924098	-253.003215
108	0	0	0	254.000000	232.000000	0.000000	2.686200	0.688200	1.321500	-762.883967	-189.487977	-382.795156	0	0	0	765.000000	232.000000	0.000000	0.157920	-0.739860	4.737200	-86.848761	-124.562542	-275.074698
109	0	0	0	254.000000	232.000000	0.000000	3.374400	0.910200	-1.497700	-68.404552	-614.069018	-227.358345	0	0	0	765.000000	232.000000	0.000000	0.428640	0.044840	3.097400	-168.337831	-330.680241	-204.138347
110	0	0	0	254.000000	232.000000	0.000000	2.419800	0.577200	0.881000	-651.716179	-245.908812	-360.514655	0	0	0	765.000000	232.000000	0.000000	0.541440	-0.313880	2.550800	-144.524908	-136.888443	-226.026785
111	0	0	0	254.000000	232.000000	0.000000	3.929400	0.710400	-2.466800	-105.907875	-598.781384	-196.324485	0	0	0	765.000000	232.000000	0.000000	0.090240	-0.224200	3.735100	-10.146538	-299.477143	-317.518353
112	0	0	0	254.000000	232.000000	0.000000	2.020200	0.532800	0.264300	-644.024652	-277.474189	-387.111174	0	0	0	765.000000	232.000000	0.000000	0.248160	-0.112100	3.370700	13.111314	-258.150102	-333.459303
113	0	0	0	254.000000	232.000000	0.000000	3.729600	0.732600	-2.026300	-56.614261	-715.805018	-169.621294	0	0	0	765.000000	232.000000	0.000000	0.045120	-0.201780	3.370700	-9.135401	-212.642069	-220.709071
114	0	0	0	254.000000	232.000000	0.000000	2.264400	0.599400	1.057200	-660.413819	-191.153035	-360.489236	0	0	0	765.000000	232.000000	0.000000	0.225600	-0.560500	4.646100	-4.790569	-239.957831	-274.838184
115	0	0	0	254.000000	232.000000	0.000000	3.774000	0.421800	-2.907300	-60.117294	-630.904246	-218.499202	0	0	0	765.000000	232.000000	0.000000	0.428640	-0.112100	4.281700	-99.829126	-294.444623	-182.811238
116	0	0	0	254.000000	232.000000	0.000000	2.197800	0.355200	0.792900	-670.679352	-342.750308	-360.458045	0	0	0	765.000000	232.000000	0.000000	0.428640	-0.717440	3.006300	-47.780557	-227.105176	-285.699501
117	0	0	0	254.000000	232.000000	0.000000	3.751800	0.888000	-2.290600	-79.129835	-842.175292	-187.417612	0	0	0	765.000000	232.000000	0.000000	0.270720	-0.134520	1.639800	-231.033426	-285.214272	-231.298694
118	0	0	0	254.000000	232.000000	0.000000	2.175600	0.333000	1.321500	-565.283370	-341.778994	-364.897384	0	0	0	765.000000	232.000000	0.000000	0.360960	-0.829540	4.008400	-127.578959	-169.215693	-264.345919
119	0	0	0	254.000000	232.000000	0.000000	3.663000	0.599400	-3.083500	53.516579	-713.102517	-196.268985	0	0	0	765.000000	232.000000	0.000000	0.451200	-0.336300	4.646100	-52.380177	-267.529377	-209.954516
120	0	0	0	254.000000	232.000000	0.000000	2.175600	0.399600	1.673900	-687.982127	-312.807701	-271.557708	0	0	0	765.000000	232.000000	0.000000	0.022560	-0.156940	3.552900	30.064826	-240.198476	-295.954382
121	0	0	0	254.000000	232.000000	0.000000	3.973800	0.999000	-0.792900	-16.277608	-793.459529	-151.905341	0	0	0	765.000000	232.000000	0.000000	0.428640	-0.044840	2.824100	-40.360659	-189.266654	-198.865742
122	0	0	0	254.000000	232.000000	0.000000	2.375400	0.288600	1.057200	-605.817675	-292.275166	-316.033795	0	0	0	765.000000	232.000000	0.000000	0.112800	-0.067260	3.279600	-22.642162	-309.224957	-268.925355
123	0	0	0	254.000000	232.000000	0.000000	3.485400	0.777000	-2.643000	3.080869	-647.748871	-196.252113	0	0	0	765.000000	232.000000	0.000000	0.203040	-0.336300	4.099500	41.654806	-388.939961	-242.317106
124	0	0	0	254.000000	232.000000	0.000000	2.064600	0.421800	0.704800	-638.935192	-105.638395	-351.550063	0	0	0	765.000000	232.000000	0.000000	0.225600	-0.067260	3.279600	52.417035	-238.354926	-231.237214
125	0	0	0	254.000000	232.000000	0.000000	3.774000	0.821400	-2.466800	4.969755	-794.879912	-165.191168	0	0	0	765.000000	232.000000	0.000000	0.473760	-0.089680	4.463900	-42.734579	-390.472177	-188.145323
126	0	0	0	254.000000	232.000000	0.000000	2.020200	0.466200	0.969100	-579.085887	-142.350001	-347.100844	0	0	0	765.000000	232.000000	0.000000	0.541440	0.201780	3.552900	-59.213906	-203.907309	-236.177516
127	0	0	0	254.000000	232.000000	0.000000	3.507600	0.399600	-1.762000	-22.215891	-648.607416	-147.330804	0	0	0	765.000000	232.000000	0.000000	-0.248160	0.201780	3.917300	-12.442567	-258.333544	-295.638101
128	0	0	0	254.000000	232.000000	0.000000	2.353200	0.510600	1.057200	-374.404913	-214.164538	-360.497672	0	0	0	765.000000	232.000000	0.000000	0.541440	-0.022420	3.188500	-20.866039	-278.729471	-188.040302
129	0	0	0	254.000000	232.000000	0.000000	3.574200	1.021200	-3.259700	-141.327776	-709.400511	-191.842188	0	0	0	765.000000	232.000000	0.000000	0.225600	-0.201780	3.917300	234.596000	-314.352552	-360.462206
130	0	0	0	254.000000	232.000000	0.000000	2.242200	0.288600	1.497700	-663.685589	-344.551975	-382.685488	0	0	0	765.000000	232.000000	0.000000	0.586560	0.112100	2.277500	69.150077	-429.911904	-155.598294
131	0	0	0	254.000000	232.000000	0.000000	3.774000	0.732600	-2.554900	49.525737	-765.943859	-160.739064	0	0	0	765.000000	232.000000	0.000000	0.157920	-0.313880	3.097400	-144.735895	-160.263859	-258.441624
132	0	0	0	254.000000	232.000000	0.000000	2.331000	0.532800	0.704800	-595.660063	-155.377503	-320.490561	0	0	0	765.000000	232.000000	0.000000	0.338400	-0.134520	3.552900	-81.653490	-92.555874	-204.383569
133	0	0	0	254.000000	232.000000	0.000000	3.552000	0.710400	-2.290600	0.355462	-631.212355	-227.373441	0	0	0	765.000000	232.000000	0.000000	0.451200	-0.515660	3.188500	44.425020	-199.976210	-301.587505
134	0	0	0	254.000000	232.000000	0.000000	2.242200	0.710400	0.881000	-481.964521	-180.590405	-316.044229	0	0	0	765.000000	232.000000	0.000000	0.406080	-0.627760	2.186400	-25.217361	-272.298521	-221.069415
135	0	0	0	254.000000	232.000000	0.000000	3.574200	0.799200	-2.466800	197.190735	-670.746278	-151.819427	0	0	0	765.000000	232.000000	0.000000	0.270720	-0.224200	3.279600	-141.324309	-230.700555	-263.670688
136	0	0	0	254.000000	232.000000	0.000000	2.020200	0.222000	0.440500	-541.110172	-190.630790	-391.531310	0	0	0	765.000000	232.000000	0.000000	0.338400	-0.089680	3.279600	-42.277440	-195.703497	-150.552972
137	0	0	0	254.000000	232.000000	0.000000	3.929400	0.666000	-1.673900	-1.394666	-627.661053	-116.310929	0	0	0	765.000000	232.000000	0.000000	0.248160	0.112100	3.644000	21.710610	-155.002478	-252.529316
138	0	0	0	254.000000	232.000000	0.000000	2.553000	0.532800	1.938200	-585.786718	-318.932292	-271.634409	0	0	0	765.000000	232.000000	0.000000	0.203040	-0.538080	3.917300	5.743626	-379.320040	-215.664794
139	0	0	0	254.000000	232.000000	0.000000	3.463200	0.888000	-1.585800	-1.746493	-579.201367	-187.367107	0	0	0	765.000000	232.000000	0.000000	0.112800	-0.134520	2.368600	-221.932343	-138.844746	-215.226251
140	0	0	0	254.000000	232.000000	0.000000	2.286600	0.754800	2.026300	-392.988540	-298.129236	-320.500551	0	0	0	765.000000	232.000000	0.000000	0.067680	-0.201780	4.737200	-103.486865	-271.558091	-322.878563
141	0	0	0	254.000000	232.000000	0.000000	3.529800	0.666000	-1.762000	-59.355085	-591.650240	-169.581001	0	0	0	765.000000	232.000000	0.000000	0.293280	-0.067260	3.917300	108.465280	-260.543093	-274.233489
142	0	0	0	254.000000	232.000000	0.000000	2.375400	0.266400	0.528600	-684.099207	-379.146757	-289.362018	0	0	0	765.000000	232.000000	0.000000	0.360960	-0.358720	4.281700	-62.492397	-301.223080	-263.793647
143	0	0	0	254.000000	232.000000	0.000000	3.574200	0.555000	-2.643000	3.448114	-526.044869	-151.799891	0	0	0	765.000000	232.000000	0.000000	0.157920	0.067260	3.188500	57.675073	-245.026523	-204.216546
144	0	0	0	254.000000	232.000000	0.000000	2.619600	0.510600	1.145300	-432.334497	-254.248898	-280.534289	0	0	0	765.000000	232.000000	0.000000	0.541440	-0.627760	5.283800	-7.648158	-130.688052	-360.839966
145	0	0	0	254.000000	232.000000	0.000000	3.774000	0.577200	-1.850100	-14.799104	-505.399566	-169.616632	0	0	0	765.000000	232.000000	0.000000	0.360960	-0.201780	3.188500	103.523723	-281.128355	-258.231757
146	0	0	0	254.000000	232.000000	0.000000	2.708400	0.444000	1.409600	-386.787820	-267.591557	-329.439503	0	0	0	765.000000	232.000000	0.000000	0.428640	0.000000	5.283800	-86.481143	-145.120880	-274.102344
147	0	0	0	254.000000	232.000000	0.000000	3.574200	0.666000	-1.673900	-136.599670	-767.159849	-107.358769	0	0	0	765.000000	232.000000	0.000000	0.338400	-0.089680	2.095300	14.474098	-250.751516	-408.687371
148	0	0	0	254.000000	232.000000	0.000000	2.419800	0.555000	0.881000	-449.837699	-284.499613	-271.612875	0	0	0	765.000000	232.000000	0.000000	0.112800	-0.134520	5.921500	-101.332568	-246.480502	-263.626451
149	0	0	0	254.000000	232.000000	0.000000	3.352200	0.421800	-0.704800	-11.444355	-535.894958	-151.750385	0	0	0	765.000000	232.000000	0.000000	0.338400	-0.179360	2.095300	76.668979	-278.970117	-252.836366
150	0	0	0	254.000000	232.000000	0.000000	2.797200	0.310800	0.616700	-431.130732	-261.723391	-293.884385	0	0	0	765.000000	232.000000	0.000000	0.451200	-0.425980	5.648200	-187.602497	-372.173045	-188.548511
151	0	0	0	254.000000	232.000000	0.000000	3.463200	0.821400	-2.202500	-4.641492	-531.012202	-142.911777	0	0	0	765.000000	232.000000	0.000000	0.564000	0.224200	3.461800	-30.161064	-214.082564	-198.497909
152	0	0	0	254.000000	232.000000	0.000000	2.331000	0.444000	0.881000	-473.797827	-300.078911	-271.588455	0	0	0	765.000000	232.000000	0.000000	0.541440	-0.448400	4.281700	-103.503911	-289.417995	-279.962577
153	0	0	0	254.000000	232.000000	0.000000	3.463200	0.688200	-0.792900	125.236038	-559.842534	-200.686124	0	0	0	765.000000	232.000000	0.000000	0.383520	0.425980	3.097400	-78.480492	-150.210604	-241.353286
154	0	0	0	254.000000	232.000000	0.000000	2.530800	0.177600	-0.528600	-446.562813	-327.848310	-271.602108	0	0	0	765.000000	232.000000	0.000000	0.315840	-0.246620	3.006300	-20.118100	-147.476000	-295.946370
155	0	0	0	254.000000	232.000000	0.000000	3.618600	0.777000	-1.585800	-64.336623	-527.818344	-200.720423	0	0	0	765.000000	232.000000	0.000000	0.067680	-0.134520	3.279600	124.864795	-307.473128	-134.576667
156	0	0	0	254.000000	232.000000	0.000000	2.442000	0.244200	-0.088100	-347.123646	-324.096968	-271.591896	0	0	0	765.000000	232.000000	0.000000	0.293280	-0.246620	3.097400	-20.153264	-240.768949	-258.310479
157	0	0	0	254.000000	232.000000	0.000000	3.640800	0.532800	-1.409600	-55.210068	-509.437873	-160.699770	0	0	0	765.000000	232.000000	0.000000	0.225600	-0.403560	3.370700	39.324686	-294.898989	-237.009494
158	0	0	0	254.000000	232.000000	0.000000	2.553000	0.377400	1.409600	-476.492399	-338.269980	-267.176977	0	0	0	765.000000	232.000000	0.000000	0.383520	-0.336300	3.917300	-145.922856	-245.234350	-301.403240
159	0	0	0	254.000000	232.000000	0.000000	3.219000	0.754800	-0.792900	-26.496890	-443.498550	-178.423716	0	0	0	765.000000	232.000000	0.000000	0.112800	0.067260	3.188500	-8.001724	-280.899495	-236.500763
160	0	0	0	254.000000	232.000000	0.000000	2.486400	0.710400	1.321500	-394.969931	-422.319254	-298.306963	0	0	0	765.000000	232.000000	0.000000	0.270720	-0.672600	3.644000	-111.962548	-240.534197	-350.241461
161	0	0	0	254.000000	232.000000	0.000000	3.663000	0.777000	-1.409600	-131.908290	-616.491602	-214.063193	0	0	0	765.000000	232.000000	0.000000	0.180480	0.201780	2.824100	-87.079788	-367.755601	-290.094846
162	0	0	0	254.000000	232.000000	0.000000	3.108000	0.199800	11.188700	-2172.275808	-2039.413145	-240.589893	0	0	0	765.000000	232.000000	0.000000	0.518880	-0.829540	1.822000	23.383385	-201.001049	-291.173962
163	417.537709	87.154859	0.000000	254.000000	232.000000	0.000000	62.515199	318.791993	610.709208	-88458.261504	-99873.984597	63744.863945	0	0	0	765.000000	232.000000	0.000000	-0.112800	0.134520	4.646100	547.608653	-85.726106	-171.975348
164	364.234441	80.880408	0.000000	254.000000	232.000000	0.000000	15.562200	204.484196	532.740707	-80507.558306	-58726.374336	32033.814118	0	0	0	765.000000	232.000000	0.000000	-1.285920	3.407840	6.468100	-67.214279	-221.033561	-173.966368
165	298.378132	115.823189	0.000000	254.000000	232.000000	0.000000	126.784197	200.865596	1257.539417	-146096.919015	-55807.250011	-25085.832449	0	0	0	765.000000	232.000000	0.000000	-0.812160	1.210680	4.919400	1818.380491	703.008898	92.529234
166	366.788596	211.729615	0.000000	254.000000	232.000000	0.000000	233.677195	-622.998587	2884.482140	-58469.563652	-325336.691136	-117276.828152	795.723461	175.674471	0.000000	765.000000	232.000000	0.000000	-2.120640	-8.272980	19.495400	-1098.088716	-598.966162	408.945626
167	319.264355	247.468808	0.000000	254.000000	232.000000	0.000000	-270.484794	-726.961185	2884.482140	44619.500069	-188253.867288	-72885.856087	878.999673	-116.649702	0.000000	765.000000	232.000000	0.000000	6.181440	-6.165500	21.135200	-7368.781160	-2409.405878	-499.603694
168	316.353299	201.958599	0.000000	254.000000	232.000000	0.000000	-51.503999	-277.988394	2379.052433	-71470.068201	-148341.767622	45499.159027	0	0	0	765.000000	232.000000	0.000000	4.376640	-3.901080	14.940400	-1076.705486	-168.640117	524.137815
169	326.350196	164.823174	0.000000	254.000000	232.000000	0.000000	37.073999	92.973598	1774.598324	-119211.882118	-128392.536318	33941.430474	0	0	0	765.000000	232.000000	0.000000	0.045120	-11.165160	14.393800	2619.607739	-178.541163	304.210883
170	332.652619	148.444159	0.000000	254.000000	232.000000	0.000000	-24.353399	224.797195	1736.891524	-145127.432835	-136611.068053	7827.258372	0	0	0	765.000000	232.000000	0.000000	-7.061280	-3.766560	5.374900	-1687.028700	-1096.042553	-120.077629
171	339.643218	149.828833	0.000000	254.000000	232.000000	0.000000	-22.999200	140.659197	1856.002726	-152509.910397	-158954.045133	-12999.963377	0	0	0	765.000000	232.000000	0.000000	-1.624320	2.578300	3.279600	-32.514442	-222.967133	-121.292041
172	332.496392	154.502192	0.000000	254.000000	232.000000	0.000000	-33.877199	88.222798	2006.741828	-155518.091978	-157521.993444	-5650.724532	0	0	0	765.000000	232.000000	0.000000	3.564480	-0.112100	3.552900	547.837760	920.338591	173.333996
173	322.281306	154.953858	0.000000	254.000000	232.000000	0.000000	-15.651000	25.663199	2043.127128	-157415.063590	-139507.387811	2036.495948	0	0	0	765.000000	232.000000	0.000000	0.203040	3.138800	2.186400	224.229496	-207.978087	-216.729614
174	320.535317	150.151621	0.000000	254.000000	232.000000	0.000000	-22.022400	28.793399	2006.213228	-164205.301108	-133484.033499	-936.344588	0	0	0	765.000000	232.000000	0.000000	-2.143200	0.829540	1.366500	153.651446	-31.265424	-155.810424
175	319.504649	143.651933	0.000000	254.000000	232.000000	0.000000	-3.862800	75.257998	1950.622127	-172333.694308	-127774.816797	-5792.734873	0	0	0	765.000000	232.000000	0.000000	-3.790080	-0.538080	3.917300	277.833214	48.496653	-265.606338
176	316.781401	141.953418	0.000000	254.000000	232.000000	0.000000	16.139400	56.698799	1929.037627	-173703.244490	-121107.684755	-6914.890565	0	0	0	765.000000	232.000000	0.000000	-1.601760	0.403560	4.281700	4.633485	-168.581309	-134.589903
177	314.328757	143.025059	0.000000	254.000000	232.000000	0.000000	25.418999	13.320000	1931.856827	-171886.846996	-116546.521649	-5428.414134	0	0	0	765.000000	232.000000	0.000000	0.518880	0.291460	5.921500	-141.087866	-17.685754	-262.970029
178	312.865193	140.454886	0.000000	254.000000	232.000000	0.000000	18.204000	21.600600	1896.793026	-173642.134181	-111655.088095	-2916.388860	0	0	0	765.000000	232.000000	0.000000	-0.022560	0.336300	5.739300	-17.305384	-193.980292	-177.081628
179	313.045312	136.783980	0.000000	254.000000	232.000000	0.000000	14.052600	39.737999	1834.065825	-174632.447597	-108292.989687	-2659.303347	0	0	0	765.000000	232.000000	0.000000	0.067680	0.246620	3.370700	-104.314617	-53.612577	-273.952390
180	313.778144	133.766696	0.000000	254.000000	232.000000	0.000000	15.939600	46.198199	1768.607524	-173736.161340	-105724.075939	-1753.370353	0	0	0	765.000000	232.000000	0.000000	-0.045120	0.044840	1.184300	29.431017	-338.260569	-177.432219
181	314.783519	132.269911	0.000000	254.000000	232.000000	0.000000	17.049600	50.660399	1709.404324	-170479.045175	-103903.609613	-131.496517	0	0	0	765.000000	232.000000	0.000000	-0.112800	-0.582920	1.913100	-135.959704	-148.363700	-425.573505
182	317.363735	130.370577	0.000000	254.000000	232.000000	0.000000	15.495600	48.462599	1648.439123	-167529.917532	-104451.260159	-64.373740	0	0	0	765.000000	232.000000	0.000000	0.180480	-0.381140	2.277500	3.087542	-263.646235	-306.912011
183	321.020135	128.800392	0.000000	254.000000	232.000000	0.000000	13.386600	44.977199	1591.086022	-164199.453743	-106634.800550	-1299.435881	0	0	0	765.000000	232.000000	0.000000	0.383520	-0.313880	5.101600	-192.421514	-293.654536	-263.732342
184	324.899928	127.107380	0.000000	254.000000	232.000000	0.000000	5.416800	37.207199	1534.349621	-160941.951464	-108785.278262	-2559.799615	0	0	0	765.000000	232.000000	0.000000	0.112800	-0.672600	4.008400	94.309584	-413.548044	-301.902218
185	328.652340	125.047961	0.000000	254.000000	232.000000	0.000000	0.177600	31.590599	1475.675020	-157826.452895	-110162.592746	-2785.128435	0	0	0	765.000000	232.000000	0.000000	0.496320	-0.493240	5.374900	-86.902045	-317.167091	-253.143590
186	331.640352	122.477271	0.000000	254.000000	232.000000	0.000000	-0.066600	32.212199	1414.093120	-154875.336931	-109790.687405	-2282.850409	0	0	0	765.000000	232.000000	0.000000	0.541440	-0.134520	5.830400	48.820989	-159.547815	-182.793996
187	334.428812	119.600790	0.000000	254.000000	232.000000	0.000000	0.999000	36.496799	1346.256119	-151318.123877	-108277.780142	-1149.904613	0	0	0	765.000000	232.000000	0.000000	0.406080	-0.179360	3.188500	170.070999	-273.473984	-295.832642
188	336.794676	117.086302	0.000000	254.000000	232.000000	0.000000	-0.488400	43.467599	1286.700518	-147859.514489	-106531.952323	352.208076	0	0	0	765.000000	232.000000	0.000000	0.631680	-0.179360	2.733000	1.363630	-262.886427	-263.478760
189	339.351555	114.823452	0.000000	254.000000	232.000000	0.000000	-2.042400	50.194199	1229.699817	-144091.979767	-104956.791640	1783.231953	0	0	0	765.000000	232.000000	0.000000	0.338400	-0.381140	2.459700	68.694010	-279.397558	-226.184054
190	341.480543	112.581125	0.000000	254.000000	232.000000	0.000000	-4.573200	53.568599	1175.342116	-140358.032878	-102819.566575	2890.209934	0	0	0	765.000000	232.000000	0.000000	0.564000	-0.448400	3.097400	47.071622	-176.030321	-365.998668
191	343.413857	110.200368	0.000000	254.000000	232.000000	0.000000	-6.327000	58.985399	1120.455815	-136471.105640	-100184.276177	4174.688555	0	0	0	765.000000	232.000000	0.000000	0.338400	-0.156940	3.188500	2.058286	-289.658641	-295.832468
192	345.148310	107.762990	0.000000	254.000000	232.000000	0.000000	-5.883000	63.935999	1067.419615	-132613.021671	-97293.494091	5645.509863	0	0	0	765.000000	232.000000	0.000000	0.315840	0.044840	3.644000	28.481573	-383.379032	-263.337688
193	347.350887	105.812896	0.000000	254.000000	232.000000	0.000000	-4.617600	66.888599	1014.735814	-128046.573312	-94726.488768	6547.387245	0	0	0	765.000000	232.000000	0.000000	0.248160	0.044840	4.463900	-9.364507	-287.651027	-252.608212
194	349.691260	103.786497	0.000000	254.000000	232.000000	0.000000	-4.373400	68.597999	960.025713	-123088.259975	-91866.070165	7258.407786	0	0	0	765.000000	232.000000	0.000000	0.225600	-0.201780	4.646100	-94.069301	-390.457037	-344.328806
195	353.097639	101.469015	0.000000	254.000000	232.000000	0.000000	-5.661000	71.128799	901.703512	-117700.247299	-89356.688879	7871.840675	0	0	0	765.000000	232.000000	0.000000	0.518880	0.112100	2.368600	-71.621081	-164.017409	-198.646819
196	356.853503	99.246835	0.000000	254.000000	232.000000	0.000000	-6.504600	73.015798	845.495712	-112242.231341	-86962.195955	8236.327359	0	0	0	765.000000	232.000000	0.000000	0.699360	-0.201780	4.281700	-103.311042	-229.705995	-328.012534
197	361.360825	97.235204	0.000000	254.000000	232.000000	0.000000	-10.167600	73.925998	789.023611	-106332.606247	-84710.225836	8383.580574	0	0	0	765.000000	232.000000	0.000000	0.654240	-0.156940	3.370700	-26.159242	-179.854560	-306.466153
198	366.447848	95.303752	0.000000	254.000000	232.000000	0.000000	-13.941600	74.414398	736.604110	-100691.018442	-82829.546694	8281.966948	0	0	0	765.000000	232.000000	0.000000	0.631680	-0.336300	3.006300	-79.894413	-234.988407	-279.796251
199	372.070729	94.310542	0.000000	254.000000	232.000000	0.000000	-16.827600	73.215598	689.911110	-94993.486938	-81458.307769	8113.657896	0	0	0	765.000000	232.000000	0.000000	0.338400	-0.134520	3.370700	-34.671163	-195.810358	-220.516969
200	377.840037	93.356098	0.000000	254.000000	232.000000	0.000000	-20.024400	70.262999	647.446909	-89764.565926	-80179.848886	8136.678544	0	0	0	765.000000	232.000000	0.000000	0.270720	-0.246620	3.188500	-38.953228	-230.593695	-161.518787
201	383.893682	93.299327	0.000000	254.000000	232.000000	0.000000	-22.977000	64.912799	611.590208	-84827.973368	-79441.704201	7417.533238	0	0	0	765.000000	232.000000	0.000000	0.428640	-0.470820	4.190600	-104.339225	-237.900560	-237.010016
202	389.655069	94.062311	0.000000	254.000000	232.000000	0.000000	-25.529999	57.253799	580.579008	-80083.726510	-78758.485138	6520.702698	0	0	0	765.000000	232.000000	0.000000	0.631680	-0.381140	4.372800	49.190754	-255.403712	-193.804048
203	396.069813	94.477539	0.000000	254.000000	232.000000	0.000000	-27.128399	47.330399	551.329808	-75820.231921	-78327.322621	5028.256232	0	0	0	765.000000	232.000000	0.000000	0.564000	-0.672600	2.641900	-36.516541	-278.964224	-307.105855
204	401.549391	95.178385	0.000000	254.000000	232.000000	0.000000	-26.884199	36.008399	527.014207	-72106.935077	-77760.625132	3317.794191	0	0	0	765.000000	232.000000	0.000000	0.157920	-0.022420	3.188500	-77.160436	-150.964519	-247.344141
205	405.797118	97.525650	0.000000	254.000000	232.000000	0.000000	-24.597599	24.775199	507.632207	-68263.511246	-77057.106200	1895.892637	0	0	0	765.000000	232.000000	0.000000	-0.067680	-0.156940	2.459700	2.339603	-301.255897	-199.188815
206	409.514148	100.304008	0.000000	254.000000	232.000000	0.000000	-19.891200	11.965800	488.338307	-64312.197809	-75943.515891	86.978699	0	0	0	765.000000	232.000000	0.000000	0.112800	-0.224200	2.550800	-65.983796	-280.151473	-328.265245
207	411.705742	101.923212	0.000000	254.000000	232.000000	0.000000	-18.315000	1.420800	466.137106	-60633.617552	-73512.498422	-1268.178588	0	0	0	765.000000	232.000000	0.000000	0.000000	-0.291460	2.824100	-68.700726	-294.904882	-274.609682
208	414.815284	102.589898	0.000000	254.000000	232.000000	0.000000	-17.471400	-5.927400	446.314606	-57757.618865	-71774.210337	-2250.083400	0	0	0	765.000000	232.000000	0.000000	0.248160	-0.538080	3.370700	5.954614	-41.807493	-221.025178
209	415.961301	101.609276	0.000000	254.000000	232.000000	0.000000	-18.448200	-11.144400	425.699206	-55507.227501	-68946.797054	-2969.585128	0	0	0	765.000000	232.000000	0.000000	0.022560	-0.179360	4.646100	66.301970	-335.542804	-242.202681
210	416.991980	100.818386	0.000000	254.000000	232.000000	0.000000	-17.515800	-14.851800	404.907606	-53116.433231	-65996.692360	-3533.966728	0	0	0	765.000000	232.000000	0.000000	0.406080	-0.672600	4.555000	122.245795	-199.827285	-360.944812
211	417.269647	99.170726	0.000000	254.000000	232.000000	0.000000	-17.293800	-15.495600	385.789905	-51244.193017	-62987.781835	-4080.689095	0	0	0	765.000000	232.000000	0.000000	0.157920	-0.179360	4.828300	-55.739553	-265.762409	-301.306231
212	417.796640	97.259097	0.000000	254.000000	232.000000	0.000000	-16.650000	-15.562200	367.817505	-49560.062717	-60247.271379	-4360.831443	0	0	0	765.000000	232.000000	0.000000	0.676800	-0.269040	3.461800	-2.399602	-303.117941	-274.322138
213	417.174729	97.503848	0.000000	254.000000	232.000000	0.000000	-17.182800	-15.318000	354.426305	-47668.974344	-57833.416385	-4725.247753	0	0	0	765.000000	232.000000	0.000000	0.338400	-0.269040	4.372800	-59.045646	-328.672627	-306.719561
214	418.258553	96.790681	0.000000	254.000000	232.000000	0.000000	-17.249400	-17.959800	341.035105	-46111.124301	-56017.932946	-5165.079771	0	0	0	765.000000	232.000000	0.000000	0.586560	-0.022420	3.461800	-20.971533	-214.958479	-274.067686
215	415.173832	98.232458	0.000000	254.000000	232.000000	0.000000	-17.271600	-23.620800	341.211305	-45642.997467	-54994.333592	-6115.853043	0	0	0	765.000000	232.000000	0.000000	0.518880	-0.022420	4.281700	72.535981	-316.760682	-279.471610
216	414.483963	99.349206	0.000000	254.000000	232.000000	0.000000	-17.271600	-26.662199	341.475605	-45297.010205	-54801.358441	-6733.464754	0	0	0	765.000000	232.000000	0.000000	0.360960	-0.313880	3.279600	127.283363	198.481005	-301.385650
217	412.479850	100.365948	0.000000	254.000000	232.000000	0.000000	-17.515800	-27.860999	346.761605	-45645.635044	-54954.727185	-7226.721135	0	0	0	765.000000	232.000000	0.000000	0.338400	0.022420	4.737200	-19.722879	-357.318669	-26.732079
218	410.734164	103.456293	0.000000	254.000000	232.000000	0.000000	-17.693400	-28.460399	357.157405	-45910.336976	-55978.767250	-7684.477120	0	0	0	765.000000	232.000000	0.000000	0.248160	-0.336300	3.644000	69.977828	-249.064483	-306.833289
219	409.095466	105.757995	0.000000	254.000000	232.000000	0.000000	-17.316000	-27.860999	370.108105	-46723.189436	-57402.088874	-7706.816118	0	0	0	765.000000	232.000000	0.000000	0.654240	0.044840	4.555000	65.659525	-200.056145	-241.695865
220	407.583402	109.962457	0.000000	254.000000	232.000000	0.000000	-14.629800	-26.573399	388.168605	-47371.142885	-59616.254795	-7574.039206	0	0	0	765.000000	232.000000	0.000000	0.541440	-0.067260	3.188500	61.834599	-306.948073	-322.537899
221	404.896080	115.387585	0.000000	254.000000	232.000000	0.000000	-11.144400	-28.327199	411.955606	-48039.138197	-62162.486227	-7774.533855	0	0	0	765.000000	232.000000	0.000000	0.022560	-0.112100	4.190600	50.324431	-344.414703	-263.634985
222	403.378162	122.248359	0.000000	254.000000	232.000000	0.000000	-7.370400	-32.300999	439.530906	-48239.238098	-65656.318858	-8486.076428	0	0	0	765.000000	232.000000	0.000000	0.428640	-0.022420	3.917300	-11.764956	-265.798580	-241.861843
223	401.873764	128.158208	0.000000	254.000000	232.000000	0.000000	-4.484400	-35.453399	472.920807	-49108.944017	-69932.579823	-8828.594299	0	0	0	765.000000	232.000000	0.000000	0.112800	-0.403560	5.101600	-36.402638	-264.331161	-247.808635
224	401.335339	132.530931	0.000000	254.000000	232.000000	0.000000	-2.775000	-32.855999	505.958307	-50327.201499	-74545.538638	-8451.276222	0	0	0	765.000000	232.000000	0.000000	0.360960	-0.022420	3.461800	-39.736332	-196.793132	-241.887968
225	401.355897	135.331175	0.000000	254.000000	232.000000	0.000000	-4.062600	-29.037599	537.586207	-51967.826768	-79216.498075	-8020.191347	0	0	0	765.000000	232.000000	0.000000	0.609120	-0.201780	1.913100	141.545626	-232.830169	-252.758167
226	402.450893	138.486044	0.000000	254.000000	232.000000	0.000000	-8.125200	-24.575399	568.333108	-53147.076959	-84369.557214	-7455.322346	0	0	0	765.000000	232.000000	0.000000	0.157920	-0.156940	2.733000	105.440504	-282.117023	-204.479533
227	403.850825	141.137644	0.000000	254.000000	232.000000	0.000000	-13.253400	-20.268600	597.758508	-54313.746591	-89574.605850	-7081.389441	0	0	0	765.000000	232.000000	0.000000	0.383520	-0.470820	2.550800	-66.176664	-102.538440	-301.561032
228	406.398900	144.027487	0.000000	254.000000	232.000000	0.000000	-17.316000	-17.493600	624.364709	-54926.932330	-95152.495059	-6863.095477	0	0	0	765.000000	232.000000	0.000000	0.248160	-0.246620	3.370700	-39.023557	-342.805906	-209.927695
229	405.996008	148.380945	0.000000	254.000000	232.000000	0.000000	-25.929599	-17.959800	657.842709	-55008.185718	-99989.465364	-6443.720785	0	0	0	765.000000	232.000000	0.000000	0.406080	-0.291460	2.550800	25.228763	-131.632956	-279.830735
230	403.549452	153.192621	0.000000	254.000000	232.000000	0.000000	-27.905399	-18.181800	692.289810	-54557.545219	-103531.561637	-5785.497235	0	0	0	765.000000	232.000000	0.000000	0.067680	-0.067260	3.917300	-22.888314	-167.128144	-215.164771
231	400.480639	156.934991	0.000000	254.000000	232.000000	0.000000	-26.107199	-17.715600	721.715210	-54175.558727	-105717.305044	-5136.879191	0	0	0	765.000000	232.000000	0.000000	0.270720	0.022420	3.826200	-94.430430	-306.591320	-301.026003
232	396.440822	160.743233	0.000000	254.000000	232.000000	0.000000	-25.108199	-12.987000	754.312210	-53749.849299	-107444.850989	-4701.822287	0	0	0	765.000000	232.000000	0.000000	0.135360	0.067260	2.733000	-120.414695	-271.834908	-236.492055
233	392.875576	164.416429	0.000000	254.000000	232.000000	0.000000	-25.041599	-7.903200	784.794811	-53039.235475	-108988.831507	-4075.495622	0	0	0	765.000000	232.000000	0.000000	0.248160	-0.269040	2.550800	63.628840	34.403853	-301.376593
234	390.660897	167.790875	0.000000	254.000000	232.000000	0.000000	-25.041599	-4.595400	807.877011	-51873.076252	-110405.196877	-3377.895219	0	0	0	765.000000	232.000000	0.000000	0.022560	0.044840	2.824100	113.239650	-305.186997	-354.873494
235	388.529649	170.601012	0.000000	254.000000	232.000000	0.000000	-24.575399	-2.886000	823.823111	-50581.905681	-110828.634139	-2915.833538	0	0	0	765.000000	232.000000	0.000000	0.383520	-0.784700	4.463900	-13.425029	-255.281713	-291.173614
236	388.346208	172.658272	0.000000	254.000000	232.000000	0.000000	-22.089000	-0.266400	822.061111	-48782.526467	-110440.793247	-2663.113216	0	0	0	765.000000	232.000000	0.000000	0.090240	-0.493240	5.010500	-58.614188	-169.286382	-237.166937
237	388.534405	174.734395	0.000000	254.000000	232.000000	0.000000	-20.512800	0.466200	811.224811	-46455.279912	-109137.647522	-2596.772657	0	0	0	765.000000	232.000000	0.000000	0.451200	0.067260	2.459700	76.721189	-283.777131	-327.792740
238	389.975949	176.443890	0.000000	254.000000	232.000000	0.000000	-18.514800	-0.177600	794.309611	-44128.751749	-108007.002801	-2592.625802	0	0	0	765.000000	232.000000	0.000000	0.586560	-0.493240	3.735100	16.937313	-234.091460	-231.597558
239	391.490379	177.466362	0.000000	254.000000	232.000000	0.000000	-17.937600	-1.687200	781.182711	-42600.735151	-107405.107097	-2877.086055	0	0	0	765.000000	232.000000	0.000000	0.428640	-0.224200	2.915200	-0.447657	-311.654119	-290.498731
240	393.524177	177.872482	0.000000	254.000000	232.000000	0.000000	-16.983000	-2.064600	762.417411	-41267.762476	-106375.661687	-3081.692926	0	0	0	765.000000	232.000000	0.000000	0.518880	-0.201780	4.646100	9.137094	-251.344720	-344.215599
241	393.782624	177.840067	0.000000	254.000000	232.000000	0.000000	-17.271600	-0.288600	747.264210	-40471.779720	-104454.551949	-2997.329498	0	0	0	765.000000	232.000000	0.000000	0.180480	0.022420	2.368600	159.456992	-348.408899	-284.927435
242	395.737776	177.958367	0.000000	254.000000	232.000000	0.000000	-16.761000	1.487400	731.670510	-39540.669048	-103705.351008	-2695.300921	0	0	0	765.000000	232.000000	0.000000	0.360960	-0.179360	4.281700	-8.616568	-329.441681	-252.827658
243	395.140591	178.792590	0.000000	254.000000	232.000000	0.000000	-17.782200	2.353200	725.239210	-38588.100003	-102360.690794	-2886.326483	0	0	0	765.000000	232.000000	0.000000	0.406080	-0.246620	4.463900	120.055260	-274.970028	-220.622338
244	395.893072	179.852655	0.000000	254.000000	232.000000	0.000000	-17.493600	1.576200	715.636310	-37318.533869	-101543.834132	-2872.979827	0	0	0	765.000000	232.000000	0.000000	0.203040	-0.381140	4.919400	-91.756227	-483.963708	-247.747503
245	394.946668	181.449742	0.000000	254.000000	232.000000	0.000000	-17.116200	-0.044400	708.852610	-35832.682341	-99910.413510	-3072.941232	0	0	0	765.000000	232.000000	0.000000	0.496320	-0.089680	2.550800	4.915875	62.393595	-236.536815
246	394.073691	183.246753	0.000000	254.000000	232.000000	0.000000	-16.361400	-2.974800	700.483110	-34150.825829	-98119.254580	-3366.208901	0	0	0	765.000000	232.000000	0.000000	0.360960	-0.582920	5.192700	-174.755228	-151.792476	-231.789834
247	391.971046	185.445589	0.000000	254.000000	232.000000	0.000000	-16.161600	-6.149400	696.606710	-32430.114804	-96111.556558	-3623.799908	0	0	0	765.000000	232.000000	0.000000	0.225600	-0.134520	1.913100	-156.079723	-255.564423	-279.716310
248	390.521621	187.924904	0.000000	254.000000	232.000000	0.000000	-15.406800	-7.836600	690.527810	-30435.079498	-94271.975879	-3637.132023	0	0	0	765.000000	232.000000	0.000000	0.270720	-0.246620	2.824100	-29.430170	-13.823644	-285.208187
249	388.173246	190.381102	0.000000	254.000000	232.000000	0.000000	-15.673200	-9.612600	686.210909	-28559.341947	-92071.144954	-3632.498323	0	0	0	765.000000	232.000000	0.000000	0.360960	-0.022420	3.461800	-39.736332	-187.386932	-225.754568
250	385.747092	193.885899	0.000000	254.000000	232.000000	0.000000	-14.851800	-11.766000	684.537009	-26090.512789	-90185.760451	-3676.919797	0	0	0	765.000000	232.000000	0.000000	0.699360	0.156940	3.370700	23.557061	-256.855993	-284.569356
251	382.214652	197.114096	0.000000	254.000000	232.000000	0.000000	-14.274600	-14.208000	684.096509	-23865.325125	-87711.195975	-3845.735454	0	0	0	765.000000	232.000000	0.000000	0.157920	-0.358720	4.190600	-34.310034	-208.577184	-215.471821
252	379.433668	200.581443	0.000000	254.000000	232.000000	0.000000	-12.609600	-16.339200	683.744109	-21482.253182	-85764.531720	-4028.101340	0	0	0	765.000000	232.000000	0.000000	0.112800	-0.425980	3.097400	38.559701	-205.543032	-263.968333
253	375.826790	203.551023	0.000000	254.000000	232.000000	0.000000	-11.544000	-19.447200	689.382510	-19612.227486	-83985.258517	-4210.284187	0	0	0	765.000000	232.000000	0.000000	0.586560	-0.358720	3.370700	-137.199947	-346.538424	-188.417366
254	373.407153	207.137332	0.000000	254.000000	232.000000	0.000000	-9.967800	-21.489600	692.025510	-17205.600245	-82632.795947	-4321.521634	0	0	0	765.000000	232.000000	0.000000	0.383520	0.112100	3.097400	-71.902398	-253.678808	-349.277467
255	370.112282	209.643016	0.000000	254.000000	232.000000	0.000000	-9.634800	-22.688400	697.487710	-15593.721695	-80986.889901	-4272.589003	0	0	0	765.000000	232.000000	0.000000	0.293280	-0.336300	2.733000	-136.083316	-183.904306	-247.660073
256	367.847934	212.288802	0.000000	254.000000	232.000000	0.000000	-7.747800	-23.820600	699.425910	-13786.522763	-79628.194673	-4228.378651	0	0	0	765.000000	232.000000	0.000000	0.112800	-0.112100	2.915200	-43.007260	-158.298309	-376.533952
257	365.187809	214.415573	0.000000	254.000000	232.000000	0.000000	-7.081800	-24.841799	703.478510	-12370.266194	-78218.233886	-4219.523504	0	0	0	765.000000	232.000000	0.000000	0.496320	-0.179360	2.550800	95.257955	-229.198618	-354.953609
258	363.558563	216.402101	0.000000	254.000000	232.000000	0.000000	-5.416800	-25.507799	705.064310	-10997.521907	-77245.832306	-4028.626592	0	0	0	765.000000	232.000000	0.000000	0.541440	-0.179360	3.461800	-73.976883	-222.612850	-333.424993
259	361.560470	217.534634	0.000000	254.000000	232.000000	0.000000	-5.372400	-25.152599	709.116910	-10257.635773	-76272.948418	-3957.542775	0	0	0	765.000000	232.000000	0.000000	0.157920	0.067260	3.917300	-17.665440	-302.318608	-317.150346
260	361.105634	219.166810	0.000000	254.000000	232.000000	0.000000	-4.750800	-25.485599	708.588310	-9093.448629	-75893.800009	-3819.829910	0	0	0	765.000000	232.000000	0.000000	0.406080	-0.560500	3.006300	-51.069604	-273.260263	-215.612719
261	359.905627	220.021435	0.000000	254.000000	232.000000	0.000000	-4.551000	-25.885199	711.319410	-8520.585631	-75332.728433	-3806.497906	0	0	0	765.000000	232.000000	0.000000	0.564000	-0.381140	5.374900	-82.549650	-395.044438	-279.874973
262	359.533896	221.076618	0.000000	254.000000	232.000000	0.000000	-3.640800	-25.485599	710.438410	-7760.389825	-74975.333249	-3633.334153	0	0	0	765.000000	232.000000	0.000000	0.496320	-0.425980	3.917300	38.243220	-193.176721	-290.709294
263	358.476865	221.044158	0.000000	254.000000	232.000000	0.000000	-4.284600	-24.397799	710.350310	-7782.485491	-74215.173332	-3353.273501	0	0	0	765.000000	232.000000	0.000000	0.451200	-0.717440	4.372800	7.986371	-398.895602	-285.690793
264	358.576930	222.059084	0.000000	254.000000	232.000000	0.000000	-2.930400	-23.754000	707.354910	-7031.755425	-73973.004814	-3046.856978	0	0	0	765.000000	232.000000	0.000000	0.293280	-0.067260	3.826200	-41.617948	-288.654834	-322.633689
265	356.839653	221.193931	0.000000	254.000000	232.000000	0.000000	-3.174600	-23.332200	709.821710	-7670.382267	-72997.818158	-2975.727984	0	0	0	765.000000	232.000000	0.000000	0.564000	-0.089680	3.644000	-61.182897	-280.139687	-279.533090
266	357.243263	221.585440	0.000000	254.000000	232.000000	0.000000	-2.175600	-23.199000	707.266810	-7365.872713	-73020.533300	-2842.563460	0	0	0	765.000000	232.000000	0.000000	0.744480	0.156940	2.459700	23.908707	-201.102017	-214.640540
267	355.851966	220.630907	0.000000	254.000000	232.000000	0.000000	-2.908200	-22.910400	711.319410	-8087.056196	-72449.280030	-2811.343342	0	0	0	765.000000	232.000000	0.000000	0.451200	-0.134520	2.368600	59.539644	-405.950876	-204.340028
268	356.150864	220.669490	0.000000	254.000000	232.000000	0.000000	-1.931400	-21.489600	711.055110	-8056.617312	-72634.893804	-2656.052940	0	0	0	765.000000	232.000000	0.000000	0.609120	0.269040	4.463900	-10.042117	-292.259460	-219.939095
269	355.226276	219.389140	0.000000	254.000000	232.000000	0.000000	-1.975800	-20.313000	712.288510	-8982.570639	-72102.313564	-2540.569293	0	0	0	765.000000	232.000000	0.000000	0.406080	-0.515660	5.374900	-50.242926	-332.475834	-269.338122
270	355.287025	218.959565	0.000000	254.000000	232.000000	0.000000	-0.932400	-18.004200	711.055110	-9272.467835	-72020.656334	-2109.771576	0	0	0	765.000000	232.000000	0.000000	0.406080	-0.089680	3.370700	-61.077403	-170.219500	-236.571647
271	354.030043	217.392262	0.000000	254.000000	232.000000	0.000000	-1.265400	-16.672200	712.905210	-10413.932567	-71311.938520	-1994.249856	0	0	0	765.000000	232.000000	0.000000	0.609120	-0.336300	3.006300	4.547183	-168.269090	-166.871159
272	353.775894	216.667803	0.000000	254.000000	232.000000	0.000000	-0.177600	-15.073800	711.407510	-10907.439838	-70981.320277	-1576.738077	0	0	0	765.000000	232.000000	0.000000	0.112800	-0.112100	3.188500	-202.613546	-243.274694	-236.711152
273	352.420210	214.566492	0.000000	254.000000	232.000000	0.000000	-0.910200	-13.764000	713.345710	-12436.118188	-70207.634453	-1496.704653	0	0	0	765.000000	232.000000	0.000000	0.315840	-0.224200	3.644000	27.418225	-185.848823	-215.253072
274	351.948789	214.337692	0.000000	254.000000	232.000000	0.000000	0.288600	-13.386600	714.138610	-12613.336002	-69949.011992	-1256.914626	0	0	0	765.000000	232.000000	0.000000	0.248160	-0.156940	3.552900	-44.994370	-220.739021	-156.044501
275	350.358043	212.670781	0.000000	254.000000	232.000000	0.000000	-0.399600	-13.741800	720.217510	-13921.241639	-69398.750071	-1185.645772	0	0	0	765.000000	232.000000	0.000000	0.000000	-0.201780	3.279600	-84.159433	-154.346177	-274.504487
276	350.371163	212.498186	0.000000	254.000000	232.000000	0.000000	0.577200	-13.741800	722.243810	-14085.064541	-69603.475997	-1012.461705	0	0	0	765.000000	232.000000	0.000000	0.293280	-0.134520	3.644000	12.135341	-363.690717	-129.111786
277	349.165639	211.091633	0.000000	254.000000	232.000000	0.000000	-0.288600	-13.564200	728.675110	-15235.406891	-69344.832389	-958.984396	0	0	0	765.000000	232.000000	0.000000	0.541440	0.201780	5.101600	-163.018099	-196.317734	-316.844515
278	349.042813	210.835237	0.000000	254.000000	232.000000	0.000000	0.865800	-12.520800	726.472610	-15375.620632	-69046.000707	-812.584882	0	0	0	765.000000	232.000000	0.000000	0.360960	0.112100	2.095300	-33.985989	-373.908036	-257.863576
279	347.185536	209.141983	0.000000	254.000000	232.000000	0.000000	-0.954600	-11.255400	729.468010	-16674.192017	-67975.867847	-745.692542	0	0	0	765.000000	232.000000	0.000000	0.564000	-0.582920	3.370700	13.596056	-176.350902	-280.111661
280	347.652872	208.209981	0.000000	254.000000	232.000000	0.000000	-0.066600	-9.279600	723.036710	-17201.056735	-67714.464664	-505.975997	0	0	0	765.000000	232.000000	0.000000	0.112800	0.000000	4.828300	-48.775722	-320.447782	-290.357659
281	346.291745	206.160602	0.000000	254.000000	232.000000	0.000000	-1.243200	-8.147400	723.653410	-18698.768551	-66787.236244	-576.980670	0	0	0	765.000000	232.000000	0.000000	0.496320	-0.381140	3.461800	133.983996	-277.298223	-274.523297
282	346.868303	205.571795	0.000000	254.000000	232.000000	0.000000	-0.177600	-6.549000	718.191210	-18980.504605	-66697.198643	-319.485012	0	0	0	765.000000	232.000000	0.000000	0.338400	-0.089680	4.099500	-80.123519	-187.259039	-322.642572
283	345.329552	204.065079	0.000000	254.000000	232.000000	0.000000	-1.376400	-5.305800	719.072210	-20087.225030	-65672.543051	-390.494681	0	0	0	765.000000	232.000000	0.000000	0.699360	-0.291460	2.186400	-77.836973	-302.497811	-349.628929
284	345.527178	204.078871	0.000000	254.000000	232.000000	0.000000	0.022200	-4.129200	714.579110	-19951.855465	-65403.409300	-181.918556	0	0	0	765.000000	232.000000	0.000000	0.631680	-0.067260	5.010500	108.043305	-284.370336	-306.369667
285	344.205855	202.859152	0.000000	254.000000	232.000000	0.000000	-1.043400	-4.573200	715.460110	-20849.114325	-64538.691066	-350.606563	0	0	0	765.000000	232.000000	0.000000	0.338400	0.201780	3.279600	-30.961213	-214.515898	-273.900489
286	345.070325	203.442890	0.000000	254.000000	232.000000	0.000000	0.532800	-4.107000	709.821710	-20270.456493	-64643.693755	-213.124688	0	0	0	765.000000	232.000000	0.000000	0.654240	-0.269040	4.555000	81.620018	-294.118149	-279.708647
287	343.981289	202.449026	0.000000	254.000000	232.000000	0.000000	-0.888000	-3.707400	712.817110	-21064.439860	-64140.202272	-359.593022	0	0	0	765.000000	232.000000	0.000000	0.090240	-0.291460	2.641900	-21.718399	-241.757617	-242.308049
288	344.794714	202.746054	0.000000	254.000000	232.000000	0.000000	0.444000	-3.796200	708.324010	-20721.272245	-64312.075658	-337.594017	0	0	0	765.000000	232.000000	0.000000	0.406080	-0.381140	5.830400	-101.490272	-333.010135	-279.935930
289	343.798301	201.904436	0.000000	254.000000	232.000000	0.000000	-1.221000	-4.062600	712.288510	-21436.724284	-63962.298271	-608.426341	0	0	0	765.000000	232.000000	0.000000	0.406080	-0.358720	4.372800	68.826032	-190.207364	-290.665231
290	345.079494	202.383918	0.000000	254.000000	232.000000	0.000000	-0.044400	-4.884000	710.967010	-21056.056981	-64754.515270	-630.791534	0	0	0	765.000000	232.000000	0.000000	0.383520	-0.201780	4.646100	-197.275696	-217.870632	-279.734249
291	343.866547	201.110232	0.000000	254.000000	232.000000	0.000000	-1.221000	-5.061600	716.253010	-22124.889165	-64367.184524	-1017.286436	0	0	0	765.000000	232.000000	0.000000	0.767040	0.269040	3.735100	27.768798	-325.754581	-214.500338
292	344.607791	201.070918	0.000000	254.000000	232.000000	0.000000	0.133200	-4.662000	713.257610	-22060.403398	-64626.696423	-937.545386	0	0	0	765.000000	232.000000	0.000000	0.631680	-0.448400	3.552900	18.748600	-198.004767	-322.950144
293	343.639000	199.578115	0.000000	254.000000	232.000000	0.000000	-0.799200	-4.240200	715.900610	-23210.846920	-64172.614795	-1235.230972	0	0	0	765.000000	232.000000	0.000000	0.112800	-0.022420	2.733000	-95.749413	-205.115590	-236.605957
294	344.217746	199.436806	0.000000	254.000000	232.000000	0.000000	0.466200	-3.463200	712.112310	-23188.651478	-64245.167717	-1159.949574	0	0	0	765.000000	232.000000	0.000000	0.338400	-0.425980	1.184300	48.680557	-174.433310	-269.259052
295	343.274618	198.204622	0.000000	254.000000	232.000000	0.000000	-1.287600	-2.686200	715.460110	-24179.244746	-63872.428164	-1319.724825	0	0	0	765.000000	232.000000	0.000000	0.157920	-0.358720	2.733000	-33.747400	-197.461219	-236.983021
296	343.747078	198.468171	0.000000	254.000000	232.000000	0.000000	0.199800	-1.909200	713.786210	-23934.556778	-64060.226893	-1191.142275	0	0	0	765.000000	232.000000	0.000000	0.270720	-0.425980	3.097400	-92.793893	-437.423244	-306.929776
297	342.320779	197.055577	0.000000	254.000000	232.000000	0.000000	-1.354200	-1.998000	718.455510	-25106.013285	-63454.550342	-1395.333229	0	0	0	765.000000	232.000000	0.000000	0.248160	0.044840	2.550800	-83.685247	-191.344957	-198.830212
298	343.107792	197.734286	0.000000	254.000000	232.000000	0.000000	0.599400	-1.509600	715.195810	-24506.695154	-63729.519374	-1195.689173	0	0	0	765.000000	232.000000	0.000000	0.541440	-0.269040	2.915200	-86.630211	-240.784089	-231.351988
299	341.563423	196.657952	0.000000	254.000000	232.000000	0.000000	-0.799200	-2.086800	720.305610	-25457.075629	-63072.424560	-1373.198249	0	0	0	765.000000	232.000000	0.000000	0.428640	-0.358720	3.188500	41.135973	-199.100295	-215.367323
300	342.371830	197.285773	0.000000	254.000000	232.000000	0.000000	0.621600	-1.842600	715.812510	-24848.877624	-63257.661748	-1097.876414	0	0	0	765.000000	232.000000	0.000000	0.564000	-0.089680	3.370700	-126.754200	-204.569503	-258.021890
301	340.591962	196.445804	0.000000	254.000000	232.000000	0.000000	-0.999000	-1.864800	721.715210	-25660.003699	-62494.736243	-1146.486035	0	0	0	765.000000	232.000000	0.000000	-0.112800	-0.022420	3.370700	-39.701167	-300.572671	-242.070839
302	341.345543	196.894785	0.000000	254.000000	232.000000	0.000000	1.043400	-1.798200	717.134010	-25175.143319	-62638.459294	-889.038773	0	0	0	765.000000	232.000000	0.000000	0.496320	0.067260	1.913100	58.167378	-228.450596	-252.486124
303	339.982748	195.632895	0.000000	254.000000	232.000000	0.000000	-1.065600	-1.576200	721.186610	-26227.468888	-62009.606439	-977.587462	0	0	0	765.000000	232.000000	0.000000	0.248160	-0.650180	3.279600	-7.745016	-417.948649	-221.156671
304	340.466137	196.271710	0.000000	254.000000	232.000000	0.000000	0.910200	-1.243200	717.222110	-25625.119775	-62015.425273	-760.154858	0	0	0	765.000000	232.000000	0.000000	0.676800	-0.291460	3.279600	-31.346951	-396.966224	-328.126437
305	339.017453	195.383546	0.000000	254.000000	232.000000	0.000000	-0.843600	-0.865800	719.953210	-26362.133419	-61208.588541	-759.878135	0	0	0	765.000000	232.000000	0.000000	0.293280	-0.448400	4.737200	-47.385337	-289.723437	-253.169367
306	339.589534	195.702294	0.000000	254.000000	232.000000	0.000000	0.532800	-0.621600	714.579110	-25937.582094	-61160.493351	-382.313527	0	0	0	765.000000	232.000000	0.000000	0.451200	-0.134520	3.279600	21.658399	-153.052068	-188.206628
307	337.542923	194.557572	0.000000	254.000000	232.000000	0.000000	-1.065600	-0.199800	718.807910	-26913.913095	-60051.313572	-457.632554	0	0	0	765.000000	232.000000	0.000000	0.473760	-0.134520	4.646100	-35.163467	-193.155689	-231.220320
308	338.253551	194.942980	0.000000	254.000000	232.000000	0.000000	0.421800	1.243200	715.548210	-26516.084371	-60287.477667	-133.523276	0	0	0	765.000000	232.000000	0.000000	0.428640	-0.112100	3.461800	116.282545	-190.014676	-258.100438
309	336.221870	193.738549	0.000000	254.000000	232.000000	0.000000	-1.265400	2.042400	722.155710	-27630.725670	-59376.993197	-333.316960	0	0	0	765.000000	232.000000	0.000000	0.180480	-0.246620	5.557100	-96.161905	-173.431202	-215.331619
310	336.634038	193.913819	0.000000	254.000000	232.000000	0.000000	0.910200	3.640800	719.424610	-27400.136267	-59448.960790	57.334453	0	0	0	765.000000	232.000000	0.000000	0.428640	0.022420	4.828300	102.213150	-276.273384	-263.320446
311	334.768177	193.067480	0.000000	254.000000	232.000000	0.000000	-0.688200	4.262400	725.415410	-28242.250185	-58590.480260	-35.780558	0	0	0	765.000000	232.000000	0.000000	0.496320	-0.179360	4.737200	-46.321989	-344.637670	-242.019809
312	334.901382	193.735766	0.000000	254.000000	232.000000	0.000000	1.287600	5.039400	722.860510	-27659.703882	-58480.413921	61.601520	0	0	0	765.000000	232.000000	0.000000	0.473760	-0.448400	4.190600	131.091243	-267.870991	-296.122101
313	332.911302	192.589453	0.000000	254.000000	232.000000	0.000000	-0.555000	4.950600	727.882210	-28686.236215	-57438.133032	-22.523924	0	0	0	765.000000	232.000000	0.000000	0.225600	-0.291460	2.186400	-143.513770	-349.947008	-220.744600
314	334.111138	193.521848	0.000000	254.000000	232.000000	0.000000	1.132200	5.661000	722.684310	-27807.557006	-57895.062820	146.033991	0	0	0	765.000000	232.000000	0.000000	0.360960	-0.112100	3.370700	-5.653485	-328.373078	-204.348562
315	332.436074	192.587290	0.000000	254.000000	232.000000	0.000000	-0.399600	4.861800	726.472610	-28632.253996	-56981.659364	-0.319014	0	0	0	765.000000	232.000000	0.000000	0.451200	-0.448400	4.463900	-103.574240	-107.410250	-242.352809
316	333.003105	193.523797	0.000000	254.000000	232.000000	0.000000	1.465200	4.839600	722.860510	-27812.927616	-57108.224982	132.706427	0	0	0	765.000000	232.000000	0.000000	-0.067680	-0.112100	4.281700	-99.829126	-228.143500	-242.158617
317	331.576619	193.029108	0.000000	254.000000	232.000000	0.000000	-0.133200	4.240200	726.208310	-28300.985455	-56336.785194	-0.315906	0	0	0	765.000000	232.000000	0.000000	0.428640	-0.582920	1.730900	-117.124575	-253.827733	-264.030510
318	332.421026	194.042339	0.000000	254.000000	232.000000	0.000000	0.799200	3.663000	718.279310	-27264.202665	-56328.200086	164.032106	0	0	0	765.000000	232.000000	0.000000	0.112800	-0.201780	2.459700	-74.460552	-242.419811	-269.083147
319	331.047255	193.766688	0.000000	254.000000	232.000000	0.000000	-0.754800	2.575200	721.098510	-27569.984065	-55558.660638	53.266076	0	0	0	765.000000	232.000000	0.000000	0.428640	-0.179360	3.552900	-17.717650	-293.589741	-295.823934
320	331.555073	194.867332	0.000000	254.000000	232.000000	0.000000	1.043400	2.930400	716.605410	-26609.470923	-55576.384955	212.942981	0	0	0	765.000000	232.000000	0.000000	0.383520	-0.291460	3.097400	90.694573	-422.990416	-220.683643
321	330.108945	194.660206	0.000000	254.000000	232.000000	0.000000	-0.244200	2.686200	720.129410	-26889.483511	-54808.289729	84.282842	0	0	0	765.000000	232.000000	0.000000	0.473760	-0.717440	2.915200	27.313804	-125.281940	-199.637285
322	330.523161	195.564736	0.000000	254.000000	232.000000	0.000000	1.265400	2.952600	714.667210	-26039.088566	-54688.594138	79.552350	0	0	0	765.000000	232.000000	0.000000	0.293280	0.067260	4.008400	-64.612603	-542.835966	-236.431097
323	329.227289	195.348736	0.000000	254.000000	232.000000	0.000000	0.288600	2.242200	717.838810	-26309.699861	-54001.067364	26.440120	0	0	0	765.000000	232.000000	0.000000	0.338400	0.156940	3.370700	-23.354936	-224.028959	-230.930686
324	329.403578	196.174406	0.000000	254.000000	232.000000	0.000000	1.642800	2.486400	718.191210	-25729.626394	-54154.186735	-0.486402	0	0	0	765.000000	232.000000	0.000000	0.496320	-0.134520	3.644000	-91.071054	-239.887142	-188.189212
325	328.044270	196.222666	0.000000	254.000000	232.000000	0.000000	0.244200	2.175600	719.248410	-25732.790242	-53256.223621	-9.106783	0	0	0	765.000000	232.000000	0.000000	0.586560	-0.112100	3.279600	-71.295117	-214.744758	-301.061880
326	328.630285	197.503676	0.000000	254.000000	232.000000	0.000000	1.753800	2.464200	718.455510	-24784.074141	-53618.539502	101.730953	0	0	0	765.000000	232.000000	0.000000	0.045120	0.022420	2.095300	-84.379903	-295.801829	-328.002084
327	327.239991	197.865993	0.000000	254.000000	232.000000	0.000000	0.976800	1.798200	723.477210	-24695.176108	-52987.464451	57.470206	0	0	0	765.000000	232.000000	0.000000	0.067680	-0.112100	3.097400	50.746406	-194.385002	-285.128768
328	327.904336	199.405065	0.000000	254.000000	232.000000	0.000000	1.665000	1.576200	718.543610	-23420.882208	-53103.488235	212.942537	0	0	0	765.000000	232.000000	0.000000	0.203040	-0.156940	3.552900	20.682427	-350.673998	-306.640316
329	326.856186	199.996976	0.000000	254.000000	232.000000	0.000000	0.954600	0.910200	720.922310	-23071.694192	-52523.650203	128.665134	0	0	0	765.000000	232.000000	0.000000	0.451200	-0.246620	3.735100	82.806979	-304.085576	-258.249521
330	327.207550	201.424503	0.000000	254.000000	232.000000	0.000000	1.132200	0.244200	715.724410	-21883.629558	-52396.430435	226.477338	0	0	0	765.000000	232.000000	0.000000	0.406080	0.134520	3.644000	22.581089	-208.164883	-241.686461
331	325.993159	202.526652	0.000000	254.000000	232.000000	0.000000	0.754800	-1.620600	717.926910	-21159.709746	-51685.826378	93.342562	0	0	0	765.000000	232.000000	0.000000	0.631680	-0.022420	3.735100	25.834971	-235.843289	-247.161270
332	325.792531	204.368114	0.000000	254.000000	232.000000	0.000000	1.620600	-2.886000	714.931510	-19754.905859	-51326.742295	128.852280	0	0	0	765.000000	232.000000	0.000000	0.225600	-0.201780	4.190600	-65.746279	-239.423529	-263.661806
333	324.825346	205.193832	0.000000	254.000000	232.000000	0.000000	1.021200	-4.617600	717.662610	-19237.784394	-50828.702801	22.415699	0	0	0	765.000000	232.000000	0.000000	0.225600	-0.381140	3.735100	115.113703	-248.295428	-317.650195
334	324.732671	207.062646	0.000000	254.000000	232.000000	0.000000	1.820400	-5.772000	716.076810	-17857.061199	-50650.025179	-124.316815	0	0	0	765.000000	232.000000	0.000000	0.406080	-0.493240	4.008400	-58.227377	-95.717919	-274.689623
335	324.278446	207.986119	0.000000	254.000000	232.000000	0.000000	1.110000	-7.370400	718.631710	-17257.136415	-50504.319565	-195.184626	0	0	0	765.000000	232.000000	0.000000	0.541440	-0.134520	3.644000	105.959337	-354.513376	-322.616795
336	324.231592	209.337463	0.000000	254.000000	232.000000	0.000000	1.620600	-8.280600	719.688910	-16309.976426	-50544.897978	-332.996170	0	0	0	765.000000	232.000000	0.000000	0.270720	-0.358720	3.917300	-6.057341	-353.729183	-333.739880
337	323.692372	210.546934	0.000000	254.000000	232.000000	0.000000	1.132200	-9.346200	721.362810	-15475.444196	-50273.485295	-466.175457	0	0	0	765.000000	232.000000	0.000000	0.383520	-0.336300	2.733000	-32.876921	-281.469968	-209.980641
338	323.904967	211.754689	0.000000	254.000000	232.000000	0.000000	0.999000	-10.611600	720.746110	-14591.729051	-50383.732881	-501.610916	0	0	0	765.000000	232.000000	0.000000	0.293280	-0.515660	4.737200	-59.379173	-176.849032	-290.892862
339	323.294079	212.691199	0.000000	254.000000	232.000000	0.000000	0.222000	-11.410800	720.922310	-13920.145617	-49955.647178	-741.441015	0	0	0	765.000000	232.000000	0.000000	0.360960	0.044840	4.828300	-37.652364	-292.458041	-268.698072
340	323.604369	213.777849	0.000000	254.000000	232.000000	0.000000	0.244200	-12.298800	718.279310	-13088.594141	-49995.378444	-741.373860	0	0	0	765.000000	232.000000	0.000000	0.451200	-0.425980	4.737200	-130.956454	-361.698242	-274.593311
341	323.293230	214.468704	0.000000	254.000000	232.000000	0.000000	-0.177600	-13.275600	719.160310	-12607.812076	-49832.940974	-812.341903	0	0	0	765.000000	232.000000	0.000000	0.180480	0.381140	2.459700	-4.916101	-226.235154	-279.128857
342	323.239869	215.343924	0.000000	254.000000	232.000000	0.000000	0.066600	-14.230200	718.191210	-11962.247249	-49727.465380	-945.658276	0	0	0	765.000000	232.000000	0.000000	0.541440	-0.313880	2.095300	-163.113884	-98.729340	-220.648985
343	323.257357	215.839198	0.000000	254.000000	232.000000	0.000000	-0.333000	-14.185800	719.160310	-11622.207096	-49807.142394	-1065.606902	0	0	0	765.000000	232.000000	0.000000	0.225600	-0.179360	1.730900	48.662438	-180.101099	-231.368707
344	323.302392	216.562463	0.000000	254.000000	232.000000	0.000000	-0.088800	-14.052600	719.953210	-11114.304172	-49894.479846	-1119.000295	0	0	0	765.000000	232.000000	0.000000	0.428640	-0.269040	3.461800	-77.458799	-302.889081	-328.195928
345	322.890504	216.925258	0.000000	254.000000	232.000000	0.000000	-0.266400	-14.652000	721.627110	-10878.342422	-49713.255124	-1296.721270	0	0	0	765.000000	232.000000	0.000000	0.248160	-0.134520	2.277500	-53.013986	-238.055378	-279.707602
346	323.091260	217.412716	0.000000	254.000000	232.000000	0.000000	-0.044400	-14.074800	720.922310	-10516.298588	-49809.431066	-1292.361296	0	0	0	765.000000	232.000000	0.000000	0.180480	-0.403560	3.279600	-223.347337	-208.384496	-290.804910
347	322.763268	217.706320	0.000000	254.000000	232.000000	0.000000	-0.333000	-14.385600	721.098510	-10307.151605	-49585.090231	-1425.635932	0	0	0	765.000000	232.000000	0.000000	-0.067680	-0.022420	3.826200	-96.171388	-189.984397	-242.053423
348	322.996459	218.137057	0.000000	254.000000	232.000000	0.000000	0.000000	-14.940600	719.424610	-9973.342667	-49637.750328	-1470.099809	0	0	0	765.000000	232.000000	0.000000	0.112800	-0.112100	3.279600	-24.383119	-205.756752	-274.355752
349	322.958305	218.520338	0.000000	254.000000	232.000000	0.000000	-0.355200	-15.562200	720.305610	-9709.476200	-49671.053940	-1621.117927	0	0	0	765.000000	232.000000	0.000000	0.293280	-0.291460	3.097400	-31.276622	-381.861956	-263.740876
350	323.140560	218.779317	0.000000	254.000000	232.000000	0.000000	0.333000	-15.073800	721.891410	-9543.897618	-49911.976276	-1763.517439	0	0	0	765.000000	232.000000	0.000000	0.518880	0.022420	2.733000	56.109938	-371.381259	-247.152213
351	323.483523	218.319076	0.000000	254.000000	232.000000	0.000000	0.000000	-14.652000	723.124810	-9893.015298	-50245.259432	-1879.062913	0	0	0	765.000000	232.000000	0.000000	-0.090240	-0.246620	4.008400	-67.416908	-283.384207	-317.614317
352	324.144720	218.133132	0.000000	254.000000	232.000000	0.000000	-0.066600	-14.918400	722.596210	-10020.146113	-50686.308857	-1936.814948	0	0	0	765.000000	232.000000	0.000000	0.225600	-0.022420	3.279600	119.834790	-388.854133	-236.562417
353	324.435320	217.783788	0.000000	254.000000	232.000000	0.000000	-0.066600	-14.141400	724.270110	-10296.377294	-51014.196756	-1999.107110	0	0	0	765.000000	232.000000	0.000000	0.496320	0.112100	2.277500	3.473280	-398.189645	-263.189127
354	324.970509	217.224794	0.000000	254.000000	232.000000	0.000000	-0.088800	-13.431000	722.331910	-10672.602672	-51264.262994	-2012.495058	0	0	0	765.000000	232.000000	0.000000	0.654240	0.156940	3.552900	107.928328	-227.099283	-263.075572
355	324.604768	216.731431	0.000000	254.000000	232.000000	0.000000	-0.133200	-12.654000	721.539010	-11016.868045	-50944.094265	-1874.754442	0	0	0	765.000000	232.000000	0.000000	0.383520	-0.291460	2.186400	62.899020	-356.078410	-252.950443
356	324.520204	216.213969	0.000000	254.000000	232.000000	0.000000	-0.177600	-12.143400	721.010410	-11381.892972	-50845.801498	-1950.352523	0	0	0	765.000000	232.000000	0.000000	0.924960	0.156940	3.279600	14.209826	-274.914479	-236.082074
357	324.206073	215.510745	0.000000	254.000000	232.000000	0.000000	-0.222000	-10.944600	721.186610	-11891.829772	-50631.679945	-1888.210655	0	0	0	765.000000	232.000000	0.000000	0.225600	-0.269040	3.826200	-58.834658	-342.464293	-204.584902
358	323.718871	214.745907	0.000000	254.000000	232.000000	0.000000	-0.111000	-9.523800	720.481810	-12431.260492	-50231.178043	-1777.218740	0	0	0	765.000000	232.000000	0.000000	0.676800	-0.022420	3.461800	100.999661	-303.117941	-220.254853
359	323.419926	213.845457	0.000000	254.000000	232.000000	0.000000	0.133200	-7.947600	719.424610	-13060.824705	-49942.403191	-1675.152567	0	0	0	765.000000	232.000000	0.000000	0.315840	-0.358720	3.917300	-146.793335	-327.262410	-290.700064
360	322.846018	213.117070	0.000000	254.000000	232.000000	0.000000	-0.066600	-6.904200	718.015010	-13558.227198	-49432.474313	-1586.301070	0	0	0	765.000000	232.000000	0.000000	0.451200	0.000000	4.281700	101.553659	-295.320537	-220.315636
361	322.236692	212.577013	0.000000	254.000000	232.000000	0.000000	-0.377400	-6.016200	718.015010	-13945.996187	-48994.969141	-1390.737713	0	0	0	765.000000	232.000000	0.000000	0.383520	-0.381140	3.644000	-25.587125	-235.507569	-333.722638
362	321.643869	212.021456	0.000000	254.000000	232.000000	0.000000	-0.244200	-5.616600	720.393710	-14392.417467	-48730.217390	-1341.897989	0	0	0	765.000000	232.000000	0.000000	0.270720	-0.201780	3.644000	9.523905	-231.127996	-279.777789
363	321.109006	211.312179	0.000000	254.000000	232.000000	0.000000	-0.177600	-5.683200	720.569910	-14907.021223	-48356.730059	-1293.009314	0	0	0	765.000000	232.000000	0.000000	0.203040	-0.313880	3.006300	52.329660	-293.595633	-253.046407
364	320.382574	210.583910	0.000000	254.000000	232.000000	0.000000	-0.155400	-4.684200	722.508110	-15473.298404	-47961.948315	-1257.533118	0	0	0	765.000000	232.000000	0.000000	-0.157920	-0.201780	3.644000	18.906304	-167.454617	-236.920845
365	319.772532	209.738478	0.000000	254.000000	232.000000	0.000000	0.333000	-3.729600	722.772410	-16090.014070	-47538.571520	-1288.809957	0	0	0	765.000000	232.000000	0.000000	0.203040	-0.201780	3.006300	47.299655	-180.721228	-247.537114
366	319.478935	209.166056	0.000000	254.000000	232.000000	0.000000	0.288600	-2.442000	722.596210	-16499.721435	-47314.830458	-1248.900193	0	0	0	765.000000	232.000000	0.000000	-0.022560	-0.470820	3.826200	-38.521770	-219.954827	-183.406180
367	319.210658	208.218439	0.000000	254.000000	232.000000	0.000000	0.599400	-1.864800	721.627110	-17161.418882	-47057.778735	-1249.000759	0	0	0	765.000000	232.000000	0.000000	0.473760	0.246620	3.279600	-76.132253	-163.334183	-257.662243
368	318.848716	207.686975	0.000000	254.000000	232.000000	0.000000	0.821400	-1.309800	721.186610	-17534.227841	-46768.025521	-1311.314012	0	0	0	765.000000	232.000000	0.000000	0.157920	-0.112100	1.913100	-89.532447	-346.998683	-290.471736
369	318.848740	207.130341	0.000000	254.000000	232.000000	0.000000	0.777000	-1.065600	718.631710	-17872.125677	-46602.360957	-1137.970771	0	0	0	765.000000	232.000000	0.000000	0.857280	-0.112100	3.735100	-5.794143	-178.759032	-311.712982
370	318.591935	206.830703	0.000000	254.000000	232.000000	0.000000	0.643800	-1.665000	717.222110	-18051.976051	-46326.763962	-1004.549504	0	0	0	765.000000	232.000000	0.000000	0.112800	0.000000	2.368600	55.380118	-373.999757	-231.201859
371	318.603490	206.824453	0.000000	254.000000	232.000000	0.000000	0.066600	-2.020200	716.869710	-18047.587130	-46312.285190	-942.190075	0	0	0	765.000000	232.000000	0.000000	0.270720	-0.358720	3.826200	87.801819	-221.935516	-242.317280
372	318.337342	207.048483	0.000000	254.000000	232.000000	0.000000	-0.288600	-3.307800	718.103110	-17917.762263	-46200.845106	-679.769897	0	0	0	765.000000	232.000000	0.000000	-0.112800	-0.067260	4.555000	-70.046464	-311.368055	-263.634636
373	318.175931	207.182073	0.000000	254.000000	232.000000	0.000000	-0.688200	-4.950600	718.896010	-17841.508894	-46135.820712	-572.888539	0	0	0	765.000000	232.000000	0.000000	0.293280	-0.605340	2.459700	31.842022	-381.113934	-226.464457
374	317.923419	207.487255	0.000000	254.000000	232.000000	0.000000	-0.621600	-6.926400	720.569910	-17663.146730	-46061.292274	-466.062126	0	0	0	765.000000	232.000000	0.000000	0.270720	-0.112100	5.283800	-43.921540	-374.144488	-295.805995
375	317.444534	207.980880	0.000000	254.000000	232.000000	0.000000	-0.821400	-8.835600	721.010410	-17318.035830	-45744.169394	-292.519418	0	0	0	765.000000	232.000000	0.000000	0.518880	-0.201780	4.281700	-159.605440	-138.042874	-252.793000
376	316.907523	208.305880	0.000000	254.000000	232.000000	0.000000	-1.376400	-11.233200	721.274710	-17089.969330	-45373.605400	-243.335483	0	0	0	765.000000	232.000000	0.000000	0.473760	-0.044840	5.466000	-163.351626	-269.367035	-241.870725
377	316.491679	208.892910	0.000000	254.000000	232.000000	0.000000	-1.265400	-12.809400	723.212910	-16711.345948	-45194.789166	-100.988807	0	0	0	765.000000	232.000000	0.000000	0.000000	0.022420	4.190600	27.400106	-240.070584	-376.419700
378	315.759447	209.205150	0.000000	254.000000	232.000000	0.000000	-1.221000	-14.541000	724.005810	-16503.603678	-44714.198769	-114.193050	0	0	0	765.000000	232.000000	0.000000	0.406080	-0.022420	3.644000	7.105337	-311.633087	-231.114951
379	315.560946	209.630330	0.000000	254.000000	232.000000	0.000000	-1.687200	-15.628800	723.829610	-16191.829256	-44559.635524	-109.579440	0	0	0	765.000000	232.000000	0.000000	0.067680	-0.044840	4.372800	15.335940	-261.724449	-252.783072
380	315.175503	210.183798	0.000000	254.000000	232.000000	0.000000	-1.465200	-16.117200	723.653410	-15787.368642	-44269.861166	-122.914219	0	0	0	765.000000	232.000000	0.000000	0.112800	-0.022420	3.552900	-39.771497	-337.764139	-295.761757

