	Force Plate 1												Force Plate 2
Sample #	COP:X	COP:Y	COP:Z	Ref:X	Ref:Y	Ref:Z	Force:X	Force:Y	Force:Z	Moment:X	Moment:Y	Moment:Z	COP:X	COP:Y	COP:Z	Ref:X	Ref:Y	Ref:Z	Force:X	Force:Y	Force:Z	Moment:X	Moment:Y	Moment:Z
1	283.124357	269.753894	0.000000	254.000000	232.000000	0.000000	-3.130200	-0.732600	720.305610	27194.341385	-20978.437427	689.581420	0	0	0	765.000000	232.000000	0.000000	0.270720	-0.022420	3.552900	-30.389097	-221.614936	-209.656000
2	283.127428	269.866017	0.000000	254.000000	232.000000	0.000000	-3.108000	-0.555000	720.922310	27298.456515	-20998.612517	578.438322	0	0	0	765.000000	232.000000	0.000000	0.496320	-0.313880	3.735100	-60.540452	-221.181602	-328.222401
3	282.913104	270.036213	0.000000	254.000000	232.000000	0.000000	-2.908200	-0.799200	720.217510	27394.346396	-20823.723825	613.982895	0	0	0	765.000000	232.000000	0.000000	0.248160	-0.022420	2.733000	-67.602214	-304.433082	-252.687108
4	282.890835	270.031331	0.000000	254.000000	232.000000	0.000000	-2.708400	-0.954600	720.393710	27397.531553	-20812.775559	676.190364	0	0	0	765.000000	232.000000	0.000000	0.180480	-0.538080	2.368600	137.695018	-207.315893	-253.318102
5	282.448014	270.079543	0.000000	254.000000	232.000000	0.000000	-2.553000	-0.666000	720.305610	27428.908468	-20491.263975	680.585081	0	0	0	765.000000	232.000000	0.000000	0.360960	-0.425980	2.733000	76.229958	-290.000254	-290.761543
6	282.585163	270.179361	0.000000	254.000000	232.000000	0.000000	-2.508600	-0.421800	719.953210	27487.353581	-20579.979521	627.217773	0	0	0	765.000000	232.000000	0.000000	0.338400	0.134520	3.188500	60.286510	-393.126845	-295.490585
7	282.681130	270.313093	0.000000	254.000000	232.000000	0.000000	-2.508600	0.133200	720.569910	27607.262145	-20666.759488	653.843374	0	0	0	765.000000	232.000000	0.000000	0.564000	-0.515660	4.099500	-59.133021	-327.704991	-220.876965
8	282.561598	270.388732	0.000000	254.000000	232.000000	0.000000	-2.020200	-0.088800	720.922310	27675.293562	-20590.692855	658.220664	0	0	0	765.000000	232.000000	0.000000	0.248160	0.336300	1.457600	-43.799847	-340.561839	-263.021930
9	282.488487	270.346549	0.000000	254.000000	232.000000	0.000000	-2.397600	-0.022200	721.539010	27668.531061	-20555.554684	609.386380	0	0	0	765.000000	232.000000	0.000000	0.721920	-0.538080	5.283800	70.892954	-372.850379	-242.353506
10	282.612615	270.369650	0.000000	254.000000	232.000000	0.000000	-2.442000	-0.155400	721.715210	27691.960243	-20650.159540	533.839803	0	0	0	765.000000	232.000000	0.000000	0.180480	-0.067260	2.368600	109.063078	-291.971697	-317.299430
11	282.624791	270.634279	0.000000	254.000000	232.000000	0.000000	-2.397600	-0.510600	720.129410	27821.680823	-20613.553654	569.420450	0	0	0	765.000000	232.000000	0.000000	0.676800	-0.022420	3.370700	-30.318768	-350.042082	-241.766053
12	282.712909	270.614627	0.000000	254.000000	232.000000	0.000000	-2.530800	-0.666000	719.072210	27766.705132	-20646.654878	538.341191	0	0	0	765.000000	232.000000	0.000000	0.360960	-0.112100	2.550800	172.928588	-270.974133	-333.415762
13	282.706375	270.919509	0.000000	254.000000	232.000000	0.000000	-2.353200	-0.488400	720.834210	28054.513195	-20692.536923	489.400901	0	0	0	765.000000	232.000000	0.000000	0.293280	-0.403560	4.099500	76.572968	-354.818818	-280.005769
14	282.715344	271.124601	0.000000	254.000000	232.000000	0.000000	-2.197800	-0.821400	719.160310	28136.859881	-20650.935513	462.730345	0	0	0	765.000000	232.000000	0.000000	0.270720	-0.112100	3.552900	50.570583	-306.270739	-166.738795
15	282.874695	270.939479	0.000000	254.000000	232.000000	0.000000	-2.464200	-0.932400	720.481810	28055.186014	-20803.692391	440.560844	0	0	0	765.000000	232.000000	0.000000	0.360960	-0.112100	3.826200	-146.565301	-291.282578	-285.015562
16	282.729471	271.309535	0.000000	254.000000	232.000000	0.000000	-2.064600	-1.221000	721.010410	28342.583695	-20714.247860	396.064000	0	0	0	765.000000	232.000000	0.000000	0.315840	-0.112100	2.824100	-42.972096	-203.699482	-306.544178
17	282.638522	271.380278	0.000000	254.000000	232.000000	0.000000	-2.308800	-0.777000	720.922310	28390.121289	-20646.149425	391.626215	0	0	0	765.000000	232.000000	0.000000	0.451200	-1.053740	2.641900	-210.815475	-236.959850	-302.218673
18	282.757675	271.438747	0.000000	254.000000	232.000000	0.000000	-2.331000	-1.154400	720.922310	28432.272856	-20732.049702	453.890294	0	0	0	765.000000	232.000000	0.000000	0.496320	0.179360	4.008400	-144.701804	-287.345585	-236.221231
19	282.618696	271.233431	0.000000	254.000000	232.000000	0.000000	-2.419800	-0.999000	720.922310	28284.256031	-20631.856597	418.333401	0	0	0	765.000000	232.000000	0.000000	0.360960	-0.246620	3.917300	-1.704947	-216.139835	-333.573554
20	282.727130	271.318268	0.000000	254.000000	232.000000	0.000000	-2.020200	-1.021200	721.803310	28380.056183	-20735.337880	440.490248	0	0	0	765.000000	232.000000	0.000000	-0.045120	-0.179360	3.826200	19.706454	-68.579706	-247.606605
21	282.516741	271.355748	0.000000	254.000000	232.000000	0.000000	-2.442000	-1.265400	721.098510	28379.371062	-20563.379573	387.243597	0	0	0	765.000000	232.000000	0.000000	0.293280	-0.246620	3.097400	-29.535664	-268.987551	-258.310479
22	282.673747	271.580711	0.000000	254.000000	232.000000	0.000000	-2.575200	-1.265400	720.658010	28524.156479	-20663.965363	391.711907	0	0	0	765.000000	232.000000	0.000000	0.112800	-0.291460	2.915200	90.764902	-355.828518	-236.921541
23	282.529960	271.884251	0.000000	254.000000	232.000000	0.000000	-2.775000	-0.888000	721.627110	28781.557013	-20587.992703	396.161680	0	0	0	765.000000	232.000000	0.000000	0.496320	-0.381140	2.550800	-109.606746	-219.792418	-301.412297
24	282.322874	271.818965	0.000000	254.000000	232.000000	0.000000	-2.930400	-1.198800	722.243810	28759.001077	-20456.020084	382.878739	0	0	0	765.000000	232.000000	0.000000	0.090240	-0.156940	2.733000	-147.884284	-176.021075	-231.394657
25	282.774442	272.001909	0.000000	254.000000	232.000000	0.000000	-2.819400	-0.976800	720.129410	28806.551314	-20721.322272	316.166551	0	0	0	765.000000	232.000000	0.000000	0.406080	-0.851960	4.463900	-44.183665	-86.846020	-253.599202
26	282.413674	272.133638	0.000000	254.000000	232.000000	0.000000	-2.641800	-0.976800	719.688910	28883.734228	-20449.006407	378.365474	0	0	0	765.000000	232.000000	0.000000	0.203040	-0.022420	1.913100	110.979859	-339.344312	-301.104725
27	282.484240	272.171292	0.000000	254.000000	232.000000	0.000000	-2.530800	-1.043400	719.424610	28900.215900	-20492.263481	325.011375	0	0	0	765.000000	232.000000	0.000000	0.541440	-0.515660	3.097400	110.136982	-250.404010	-317.686073
28	282.531504	272.091281	0.000000	254.000000	232.000000	0.000000	-2.331000	-1.287600	718.191210	28793.205771	-20491.075682	267.210943	0	0	0	765.000000	232.000000	0.000000	0.248160	-0.022420	4.008400	-49.329719	-305.929126	-301.087308
29	282.294972	272.510316	0.000000	254.000000	232.000000	0.000000	-2.419800	-1.043400	717.926910	29083.446307	-20313.722119	236.091946	0	0	0	765.000000	232.000000	0.000000	0.067680	-0.336300	3.644000	-33.228567	-317.306769	-258.502755
30	282.251412	272.493141	0.000000	254.000000	232.000000	0.000000	-2.264400	-1.110000	719.600810	29138.897165	-20329.739086	302.745082	0	0	0	765.000000	232.000000	0.000000	0.225600	-0.201780	3.097400	-65.324304	-181.704003	-204.506006
31	282.144074	272.830763	0.000000	254.000000	232.000000	0.000000	-2.042400	-0.954600	719.248410	29367.461180	-20242.580530	324.918801	0	0	0	765.000000	232.000000	0.000000	0.360960	0.246620	4.372800	26.652167	-254.298938	-376.017383
32	282.190004	272.899590	0.000000	254.000000	232.000000	0.000000	-2.242200	-1.354200	718.807910	29398.949133	-20263.197641	200.525729	0	0	0	765.000000	232.000000	0.000000	0.383520	-0.448400	4.555000	37.126589	-340.044377	-274.645734
33	282.029514	273.348524	0.000000	254.000000	232.000000	0.000000	-2.375400	-1.665000	717.222110	29656.075268	-20103.387147	173.903902	0	0	0	765.000000	232.000000	0.000000	0.203040	-0.112100	4.099500	87.889194	-200.815953	-242.054119
34	282.096305	273.522004	0.000000	254.000000	232.000000	0.000000	-2.086800	-1.487400	717.662610	29798.789563	-20163.667741	258.294192	0	0	0	765.000000	232.000000	0.000000	0.518880	-0.381140	3.644000	-138.175920	-428.887065	-333.670389
35	282.199913	273.756166	0.000000	254.000000	232.000000	0.000000	-1.931400	-1.975800	717.310210	29952.124336	-20228.085314	244.971068	0	0	0	765.000000	232.000000	0.000000	0.451200	-0.224200	3.552900	64.982988	-256.840853	-225.956423
36	282.122474	273.944649	0.000000	254.000000	232.000000	0.000000	-2.308800	-1.953600	718.719810	30146.450047	-20212.179111	267.260338	0	0	0	765.000000	232.000000	0.000000	0.473760	-0.381140	3.826200	-72.569452	-163.975345	-279.909805
37	281.801394	274.482597	0.000000	254.000000	232.000000	0.000000	-2.575200	-1.909200	718.984110	30544.311861	-19988.760253	249.523406	0	0	0	765.000000	232.000000	0.000000	0.180480	0.000000	3.097400	-19.960396	-236.389377	-236.553534
38	282.107908	274.688854	0.000000	254.000000	232.000000	0.000000	-2.664000	-2.020200	719.248410	30703.890490	-20216.567814	298.442827	0	0	0	765.000000	232.000000	0.000000	0.135360	0.067260	4.281700	-27.188498	-254.839132	-338.670254
39	281.857897	274.944632	0.000000	254.000000	232.000000	0.000000	-2.286600	-2.020200	719.688910	30906.775084	-20049.019703	285.041782	0	0	0	765.000000	232.000000	0.000000	0.022560	-0.112100	2.824100	60.234300	-295.780796	-188.345785
40	281.756675	275.146620	0.000000	254.000000	232.000000	0.000000	-2.530800	-2.419800	719.512710	31044.541793	-19971.280616	320.676486	0	0	0	765.000000	232.000000	0.000000	0.383520	-0.112100	2.095300	-52.073178	-167.847541	-268.873454
41	281.517018	275.498642	0.000000	254.000000	232.000000	0.000000	-2.331000	-2.131200	719.072210	31278.664544	-19786.723080	227.273430	0	0	0	765.000000	232.000000	0.000000	0.360960	-0.291460	2.550800	-237.478424	-393.254738	-188.425552
42	281.603632	275.831763	0.000000	254.000000	232.000000	0.000000	-1.998000	-2.775000	718.719810	31502.756139	-19839.277457	316.166662	0	0	0	765.000000	232.000000	0.000000	0.157920	-0.201780	2.550800	-65.113317	-169.028897	-301.332530
43	281.558922	276.022161	0.000000	254.000000	232.000000	0.000000	-2.242200	-2.597400	719.512710	31674.504606	-19828.994743	253.965187	0	0	0	765.000000	232.000000	0.000000	0.406080	-0.044840	3.188500	-31.118918	-254.661583	-193.496650
44	281.292778	276.817035	0.000000	254.000000	232.000000	0.000000	-2.553000	-2.708400	718.279310	32191.148647	-19603.837650	289.588458	0	0	0	765.000000	232.000000	0.000000	0.383520	0.112100	4.190600	-194.295568	-57.430923	-295.499467
45	281.502413	277.429133	0.000000	254.000000	232.000000	0.000000	-2.242200	-3.063600	717.838810	32610.794663	-19742.299353	311.787485	0	0	0	765.000000	232.000000	0.000000	0.112800	-0.381140	3.917300	-44.457418	-281.754378	-231.648936
46	281.222378	277.743163	0.000000	254.000000	232.000000	0.000000	-2.264400	-2.930400	719.160310	32896.667586	-19577.253702	311.780714	0	0	0	765.000000	232.000000	0.000000	0.767040	-0.067260	2.824100	193.328851	-240.030174	-268.672818
47	281.148872	278.508103	0.000000	254.000000	232.000000	0.000000	-2.664000	-3.108000	719.424610	33459.074150	-19531.566996	396.319855	0	0	0	765.000000	232.000000	0.000000	-0.157920	-0.381140	3.552900	-156.905555	-233.191160	-220.997834
48	280.939905	278.989519	0.000000	254.000000	232.000000	0.000000	-2.175600	-3.507600	720.746110	33867.512964	-19416.832035	351.816352	0	0	0	765.000000	232.000000	0.000000	0.383520	0.246620	2.368600	-75.780607	-337.479730	-279.208275
49	281.245905	279.836676	0.000000	254.000000	232.000000	0.000000	-2.553000	-3.596400	720.217510	34452.811873	-19622.977995	329.664500	0	0	0	765.000000	232.000000	0.000000	0.383520	-0.201780	3.279600	-27.865035	-376.173134	-279.734249
50	280.892783	280.339779	0.000000	254.000000	232.000000	0.000000	-2.930400	-4.151400	720.834210	34844.966668	-19385.238117	392.004947	0	0	0	765.000000	232.000000	0.000000	0.090240	-0.112100	2.368600	-61.561072	-373.123842	-220.586460
51	280.799148	281.211402	0.000000	254.000000	232.000000	0.000000	-2.464200	-4.551000	720.481810	35455.920055	-19308.298843	334.170328	0	0	0	765.000000	232.000000	0.000000	0.586560	-0.358720	4.099500	-203.158061	-337.987106	-274.462166
52	280.741605	281.656574	0.000000	254.000000	232.000000	0.000000	-2.419800	-5.217000	720.658010	35785.407632	-19271.551997	303.100837	0	0	0	765.000000	232.000000	0.000000	0.338400	0.112100	3.552900	106.187370	-243.055080	-279.383484
53	280.704401	282.511676	0.000000	254.000000	232.000000	0.000000	-2.553000	-5.461200	721.450910	36441.694627	-19265.914412	263.138681	0	0	0	765.000000	232.000000	0.000000	0.090240	-0.269040	4.190600	-21.445718	-224.761841	-253.037351
54	280.258967	283.139673	0.000000	254.000000	232.000000	0.000000	-2.641800	-6.238200	722.155710	36930.807086	-18963.063216	307.666383	0	0	0	765.000000	232.000000	0.000000	0.406080	0.156940	2.915200	80.027282	-414.246409	-263.171362
55	280.054844	283.279235	0.000000	254.000000	232.000000	0.000000	-2.197800	-6.571200	724.446310	37149.052564	-18875.335776	227.605320	0	0	0	765.000000	232.000000	0.000000	0.112800	-0.381140	4.463900	-44.668406	-301.207940	-285.426936
56	280.125445	283.850264	0.000000	254.000000	232.000000	0.000000	-1.842600	-7.192800	724.534410	37567.300278	-18928.783938	214.257887	0	0	0	765.000000	232.000000	0.000000	0.518880	0.201780	2.915200	-162.174149	-286.939176	-193.163824
57	279.890791	283.933667	0.000000	254.000000	232.000000	0.000000	-1.931400	-7.947600	724.622510	37632.303829	-18761.049883	138.768808	0	0	0	765.000000	232.000000	0.000000	0.180480	-1.053740	4.099500	-98.789314	-312.814443	-291.567571
58	279.862530	284.507708	0.000000	254.000000	232.000000	0.000000	-1.753800	-8.236200	721.979510	37909.488979	-18672.216524	103.200815	0	0	0	765.000000	232.000000	0.000000	0.180480	0.291460	2.915200	-46.103438	-330.237660	-252.345052
59	279.600940	284.450785	0.000000	254.000000	232.000000	0.000000	-2.020200	-8.813400	721.010410	37817.562220	-18458.544039	72.178610	0	0	0	765.000000	232.000000	0.000000	0.428640	-0.179360	3.826200	-55.352743	-265.691720	-199.023534
60	279.173317	284.737900	0.000000	254.000000	232.000000	0.000000	-1.709400	-8.991000	721.891410	38071.036698	-18172.401207	9.908425	0	0	0	765.000000	232.000000	0.000000	-0.022560	-0.022420	3.097400	-189.714067	-87.413139	-236.658206
61	279.343503	285.089187	0.000000	254.000000	232.000000	0.000000	-1.420800	-9.679200	720.569910	38254.470648	-18261.765862	-3.422024	0	0	0	765.000000	232.000000	0.000000	-0.112800	-0.201780	5.010500	-56.680361	-180.215551	-242.281228
62	278.914225	285.113226	0.000000	254.000000	232.000000	0.000000	-1.309800	-9.257400	720.393710	38262.433799	-17948.050976	27.639808	0	0	0	765.000000	232.000000	0.000000	0.496320	0.022420	4.372800	17.947377	-240.742024	-252.538721
63	279.062026	285.296730	0.000000	254.000000	232.000000	0.000000	-1.154400	-9.146400	718.719810	38305.415995	-18012.574269	36.493733	0	0	0	765.000000	232.000000	0.000000	0.406080	0.044840	4.828300	-47.034764	-218.960267	-306.325255
64	279.213842	285.538117	0.000000	254.000000	232.000000	0.000000	-1.154400	-9.124200	717.838810	38431.738350	-18099.474051	0.931956	0	0	0	765.000000	232.000000	0.000000	0.045120	-0.156940	2.277500	77.469128	-239.578347	-247.545474
65	279.084117	285.806966	0.000000	254.000000	232.000000	0.000000	-1.198800	-8.902200	718.015010	38634.209446	-18010.772601	-25.748035	0	0	0	765.000000	232.000000	0.000000	0.203040	-0.201780	3.370700	-93.576997	-152.930068	-306.692914
66	278.884857	285.862573	0.000000	254.000000	232.000000	0.000000	-1.620600	-9.102000	718.015010	38674.135717	-17867.701011	27.681766	0	0	0	765.000000	232.000000	0.000000	0.157920	-0.448400	2.641900	-74.723749	-376.072167	-220.954816
67	278.971625	286.075749	0.000000	254.000000	232.000000	0.000000	-1.620600	-8.902200	717.838810	38817.671116	-17925.601309	32.110782	0	0	0	765.000000	232.000000	0.000000	0.270720	-0.739860	3.097400	35.755396	-70.581428	-339.564757
68	278.776547	285.997937	0.000000	254.000000	232.000000	0.000000	-2.064600	-9.213000	718.455510	38795.115180	-17800.846759	156.673351	0	0	0	765.000000	232.000000	0.000000	-0.157920	0.000000	4.099500	-132.936001	-252.644722	-258.195357
69	278.870625	286.235299	0.000000	254.000000	232.000000	0.000000	-1.864800	-9.168600	718.015010	38941.758648	-17857.481730	76.624831	0	0	0	765.000000	232.000000	0.000000	0.203040	-0.448400	3.006300	-18.570011	-255.970832	-355.382399
70	278.967108	286.678714	0.000000	254.000000	232.000000	0.000000	-2.086800	-9.057600	717.574510	39236.051696	-17915.760617	107.769802	0	0	0	765.000000	232.000000	0.000000	0.564000	-0.156940	2.733000	86.675705	-156.790479	-279.611986
71	278.705736	286.596951	0.000000	254.000000	232.000000	0.000000	-1.531800	-9.435000	719.072210	39259.150360	-17765.207834	169.932871	0	0	0	765.000000	232.000000	0.000000	0.609120	-0.022420	2.733000	223.252172	-290.229114	-279.436778
72	278.618368	286.647148	0.000000	254.000000	232.000000	0.000000	-1.398600	-9.168600	721.450910	39425.234943	-17760.943991	187.668250	0	0	0	765.000000	232.000000	0.000000	0.203040	0.000000	3.644000	-57.700981	-491.873864	-333.345226
73	278.642085	286.907373	0.000000	254.000000	232.000000	0.000000	-1.376400	-9.412800	721.186610	39598.461915	-17771.541861	227.688903	0	0	0	765.000000	232.000000	0.000000	0.473760	-0.156940	3.826200	-7.570266	-201.600146	-333.424818
74	278.557599	286.920358	0.000000	254.000000	232.000000	0.000000	-1.132200	-9.768000	722.508110	39680.403771	-17743.064621	272.124585	0	0	0	765.000000	232.000000	0.000000	0.428640	-0.089680	3.279600	-61.042239	-255.644358	-295.718739
75	278.487895	287.328590	0.000000	254.000000	232.000000	0.000000	-1.465200	-9.990000	722.420010	39970.480606	-17690.545485	294.425621	0	0	0	765.000000	232.000000	0.000000	0.293280	-0.201780	4.463900	-9.557376	-232.965654	-344.302681
76	278.549551	287.763405	0.000000	254.000000	232.000000	0.000000	-2.020200	-9.768000	721.627110	40240.384611	-17715.621779	374.514989	0	0	0	765.000000	232.000000	0.000000	0.609120	0.112100	3.006300	-53.102434	-271.737294	-263.145586
77	278.660665	288.069375	0.000000	254.000000	232.000000	0.000000	-1.531800	-10.012200	722.331910	40500.698677	-17813.185560	365.559055	0	0	0	765.000000	232.000000	0.000000	0.338400	-0.493240	3.188500	139.119495	-289.658641	-274.715747
78	278.441743	288.194473	0.000000	254.000000	232.000000	0.000000	-1.443000	-10.278600	722.243810	40586.109956	-17652.897805	418.904829	0	0	0	765.000000	232.000000	0.000000	0.518880	-0.291460	3.188500	-31.311786	-146.166751	-274.409394
79	278.246621	288.702725	0.000000	254.000000	232.000000	0.000000	-1.198800	-10.611600	722.508110	40968.178336	-17518.380438	432.223735	0	0	0	765.000000	232.000000	0.000000	0.609120	-0.112100	1.913100	-33.238050	-336.298373	-247.275172
80	278.229649	288.776988	0.000000	254.000000	232.000000	0.000000	-1.287600	-11.011200	723.653410	41086.861307	-17533.868112	405.601242	0	0	0	765.000000	232.000000	0.000000	0.067680	0.044840	2.824100	-36.878743	-259.907824	-290.322478
81	278.345533	289.260146	0.000000	254.000000	232.000000	0.000000	-1.332000	-11.055600	724.093910	41461.722853	-17628.451824	445.617565	0	0	0	765.000000	232.000000	0.000000	0.157920	-0.829540	3.644000	-127.438300	-283.185626	-242.913093
82	278.315855	290.022868	0.000000	254.000000	232.000000	0.000000	-1.820400	-11.499600	723.741510	41993.558187	-17598.393753	450.183555	0	0	0	765.000000	232.000000	0.000000	0.586560	-0.112100	3.279600	-52.530318	-167.713756	-268.795081
83	278.301292	290.202923	0.000000	254.000000	232.000000	0.000000	-1.842600	-12.254400	722.948610	42077.722563	-17568.585058	459.137825	0	0	0	765.000000	232.000000	0.000000	0.135360	-0.784700	2.915200	24.702367	-234.423827	-172.957804
84	278.146833	290.585649	0.000000	254.000000	232.000000	0.000000	-1.487400	-12.365400	722.596210	42333.768273	-17448.409855	472.419545	0	0	0	765.000000	232.000000	0.000000	0.270720	-0.022420	3.006300	-58.325308	-211.567573	-370.990000
85	278.177025	291.287263	0.000000	254.000000	232.000000	0.000000	-1.043400	-13.031400	722.860510	42856.421273	-17476.616923	481.285125	0	0	0	765.000000	232.000000	0.000000	-0.067680	-0.470820	4.190600	-94.956826	-237.442840	-156.534596
86	278.416155	291.709887	0.000000	254.000000	232.000000	0.000000	-0.577200	-13.386600	722.508110	43140.877702	-17640.870157	481.231956	0	0	0	765.000000	232.000000	0.000000	0.315840	-0.067260	3.188500	-69.518995	-194.720722	-306.491581
87	278.384582	292.364259	0.000000	254.000000	232.000000	0.000000	-0.688200	-14.030400	722.067610	43587.076386	-17607.317168	521.307887	0	0	0	765.000000	232.000000	0.000000	0.090240	-0.134520	2.824100	12.451823	-289.002340	-172.212559
88	278.431405	293.003981	0.000000	254.000000	232.000000	0.000000	-0.599400	-14.940600	721.627110	44022.126764	-17630.363911	499.140162	0	0	0	765.000000	232.000000	0.000000	0.180480	0.022420	2.550800	56.180267	-179.311012	-290.305235
89	278.578274	293.587842	0.000000	254.000000	232.000000	0.000000	-0.688200	-15.717600	723.829610	44579.103822	-17790.482514	481.437861	0	0	0	765.000000	232.000000	0.000000	0.022560	-0.358720	2.733000	-24.365001	-182.799531	-317.702270
90	278.361483	294.398836	0.000000	254.000000	232.000000	0.000000	-0.932400	-15.917400	722.331910	45072.670509	-17597.076743	654.851587	0	0	0	765.000000	232.000000	0.000000	0.383520	-0.291460	2.641900	43.958398	-234.332106	-295.972843
91	278.746291	294.642550	0.000000	254.000000	232.000000	0.000000	-0.555000	-15.628800	721.098510	45171.449498	-17844.513657	521.412449	0	0	0	765.000000	232.000000	0.000000	0.496320	-0.381140	3.279600	115.289526	-333.521705	-296.034497
92	278.786402	294.784851	0.000000	254.000000	232.000000	0.000000	-0.754800	-15.517800	721.539010	45301.719217	-17884.355688	574.778536	0	0	0	765.000000	232.000000	0.000000	0.090240	0.112100	3.097400	3.156798	-204.667117	-241.834674
93	278.802153	295.010531	0.000000	254.000000	232.000000	0.000000	-1.154400	-14.874000	725.063010	45686.605169	-17983.123712	557.016961	0	0	0	765.000000	232.000000	0.000000	0.496320	-0.201780	5.466000	-197.592178	-345.492553	-295.824108
94	278.650789	295.163436	0.000000	254.000000	232.000000	0.000000	-1.665000	-14.940600	723.565310	45702.870995	-17836.455835	614.896647	0	0	0	765.000000	232.000000	0.000000	0.451200	-0.313880	3.370700	-69.782193	-237.814732	-231.439418
95	278.701719	295.245107	0.000000	254.000000	232.000000	0.000000	-1.753800	-14.274600	721.539010	45633.812157	-17823.254137	645.973908	0	0	0	765.000000	232.000000	0.000000	0.360960	-0.358720	3.917300	-156.175734	-300.795638	-263.793647
96	278.587232	295.060758	0.000000	254.000000	232.000000	0.000000	-1.731600	-13.875000	724.534410	45689.688813	-17814.295830	659.273055	0	0	0	765.000000	232.000000	0.000000	0.428640	0.022420	2.824100	65.457173	-264.516257	-327.854046
97	278.750079	295.294273	0.000000	254.000000	232.000000	0.000000	-1.909200	-13.986000	724.534410	45858.878690	-17932.283730	623.753014	0	0	0	765.000000	232.000000	0.000000	0.360960	-0.784700	4.281700	-69.649097	-291.816879	-264.293322
98	279.177240	295.792743	0.000000	254.000000	232.000000	0.000000	-1.110000	-13.342200	722.772410	46107.634588	-18197.414418	605.781649	0	0	0	765.000000	232.000000	0.000000	0.406080	0.112100	2.733000	106.503852	-84.815674	-241.712759
99	278.856926	296.223379	0.000000	254.000000	232.000000	0.000000	-1.620600	-13.919400	724.622510	46537.706203	-18011.887916	592.582180	0	0	0	765.000000	232.000000	0.000000	0.315840	-0.538080	4.919400	33.504014	-384.875076	-253.265853
100	279.281526	296.555902	0.000000	254.000000	232.000000	0.000000	-1.820400	-14.341200	725.855910	46858.283072	-18350.745225	641.545891	0	0	0	765.000000	232.000000	0.000000	0.564000	0.269040	2.824100	-103.233150	-316.802746	-262.978911
101	279.747973	297.229245	0.000000	254.000000	232.000000	0.000000	-2.042400	-13.653000	726.208310	47370.019548	-18698.391689	645.974685	0	0	0	765.000000	232.000000	0.000000	0.090240	-0.739860	3.826200	-77.114716	-167.897198	-221.322823
102	280.053556	297.717476	0.000000	254.000000	232.000000	0.000000	-2.641800	-14.518800	728.939410	47904.058009	-18991.463621	615.033843	0	0	0	765.000000	232.000000	0.000000	0.225600	0.448400	3.097400	81.890779	-275.766007	-209.121145
103	280.546655	298.597853	0.000000	254.000000	232.000000	0.000000	-2.664000	-14.163600	730.260910	48633.808700	-19385.984588	534.999309	0	0	0	765.000000	232.000000	0.000000	0.270720	-0.403560	2.459700	-72.912462	-88.645806	-258.503277
104	280.837832	299.314772	0.000000	254.000000	232.000000	0.000000	-2.930400	-15.029400	729.115610	49080.251289	-19567.881911	588.455195	0	0	0	765.000000	232.000000	0.000000	0.180480	0.089680	2.277500	-16.161998	-169.584231	-220.314940
105	281.162457	299.720162	0.000000	254.000000	232.000000	0.000000	-3.041400	-15.029400	730.172810	49447.421309	-19833.287816	575.139619	0	0	0	765.000000	232.000000	0.000000	-0.022560	-0.089680	2.915200	14.157616	-200.073824	-312.026302
106	281.006388	299.836445	0.000000	254.000000	232.000000	0.000000	-3.285600	-14.296800	730.084710	49526.351237	-19716.950879	499.558743	0	0	0	765.000000	232.000000	0.000000	0.090240	0.179360	2.550800	62.273620	-91.151550	-306.289377
107	281.222533	300.345665	0.000000	254.000000	232.000000	0.000000	-2.508600	-14.052600	728.322710	49777.699675	-19826.789337	383.833228	0	0	0	765.000000	232.000000	0.000000	0.135360	-0.313880	4.099500	-135.740306	-207.594409	-231.561332
108	280.840802	300.129585	0.000000	254.000000	232.000000	0.000000	-2.353200	-13.142400	728.498910	49632.328053	-19553.495111	214.823210	0	0	0	765.000000	232.000000	0.000000	0.383520	-0.291460	3.370700	6.147483	-272.811790	-204.550243
109	280.824828	299.333373	0.000000	254.000000	232.000000	0.000000	-1.887000	-11.988000	728.939410	49081.949454	-19553.674007	161.309271	0	0	0	765.000000	232.000000	0.000000	0.383520	-0.650180	3.279600	-73.421813	-263.298729	-291.015822
110	280.655917	298.355491	0.000000	254.000000	232.000000	0.000000	-1.687200	-9.701400	727.001210	48240.522376	-19378.883987	14.406372	0	0	0	765.000000	232.000000	0.000000	0.135360	-0.381140	3.188500	59.030294	-291.181610	-344.574027
111	280.689536	296.977579	0.000000	254.000000	232.000000	0.000000	-1.554000	-7.037400	726.296410	47192.982073	-19384.514525	63.064944	0	0	0	765.000000	232.000000	0.000000	0.586560	-0.560500	3.552900	33.161005	-262.096341	-301.587854
112	281.164716	295.578018	0.000000	254.000000	232.000000	0.000000	-1.842600	-4.195800	728.058410	46288.510668	-19777.499645	142.898124	0	0	0	765.000000	232.000000	0.000000	0.541440	-0.179360	3.461800	-158.418479	-307.268654	-252.757993
113	281.669102	294.097366	0.000000	254.000000	232.000000	0.000000	-2.553000	-2.375400	730.789510	45380.103680	-20220.289654	165.101813	0	0	0	765.000000	232.000000	0.000000	0.315840	0.112100	2.550800	-24.779413	-241.003702	-247.125392
114	282.014569	292.465713	0.000000	254.000000	232.000000	0.000000	-3.507600	0.066600	729.996610	44139.765198	-20450.540595	289.533513	0	0	0	765.000000	232.000000	0.000000	0.135360	-0.022420	2.915200	-11.378146	-290.861029	-252.730649
115	282.433717	290.894403	0.000000	254.000000	232.000000	0.000000	-4.173600	2.575200	729.115610	42940.828377	-20731.466718	378.349379	0	0	0	765.000000	232.000000	0.000000	0.721920	-0.313880	3.279600	5.312168	-201.187845	-306.624119
116	282.609696	288.317323	0.000000	254.000000	232.000000	0.000000	-4.373400	4.195800	729.732310	41096.570113	-20877.419357	369.364695	0	0	0	765.000000	232.000000	0.000000	0.541440	-0.067260	3.552900	24.164342	-156.876307	-284.893299
117	283.302622	285.007362	0.000000	254.000000	232.000000	0.000000	-4.750800	6.549000	730.701410	38732.553848	-21411.467312	449.252487	0	0	0	765.000000	232.000000	0.000000	0.721920	-0.179360	3.461800	1.082313	-342.494571	-220.421528
118	283.439521	280.201263	0.000000	254.000000	232.000000	0.000000	-5.239200	10.345200	734.137310	35386.345906	-21612.650985	462.369262	0	0	0	765.000000	232.000000	0.000000	0.157920	-0.224200	3.826200	158.701489	-405.679952	-269.092029
119	283.819828	275.015226	0.000000	254.000000	232.000000	0.000000	-5.527800	14.740800	731.494310	31465.392831	-21813.034499	564.303123	0	0	0	765.000000	232.000000	0.000000	0.338400	-0.224200	3.461800	102.547751	-242.948220	-365.822763
120	283.771587	269.658351	0.000000	254.000000	232.000000	0.000000	-5.594400	20.490600	728.058410	27417.479053	-21675.454490	519.404792	0	0	0	765.000000	232.000000	0.000000	0.428640	-0.246620	3.552900	-39.093886	-378.245544	-204.480230
121	283.655900	264.434750	0.000000	254.000000	232.000000	0.000000	-5.283600	26.440199	722.243810	23425.797734	-21418.790407	461.089432	0	0	0	765.000000	232.000000	0.000000	0.767040	0.112100	4.372800	58.958891	-335.908803	-252.329029
122	282.871638	259.569856	0.000000	254.000000	232.000000	0.000000	-4.750800	30.635999	716.253010	19746.992570	-20679.397960	465.105528	0	0	0	765.000000	232.000000	0.000000	0.406080	-0.493240	3.735100	-151.945879	-264.708945	-339.223223
123	281.907614	254.196769	0.000000	254.000000	232.000000	0.000000	-4.795200	33.655199	714.314810	15855.480752	-19934.822041	482.651763	0	0	0	765.000000	232.000000	0.000000	0.406080	-0.112100	2.550800	-24.101803	-253.913561	-220.464546
124	280.780845	248.939295	0.000000	254.000000	232.000000	0.000000	-4.062600	37.961999	707.707310	11988.062788	-18952.999953	553.299017	0	0	0	765.000000	232.000000	0.000000	0.609120	-0.089680	3.097400	-89.119108	-281.250355	-204.226474
125	279.820496	243.105783	0.000000	254.000000	232.000000	0.000000	-3.485400	41.802599	699.866410	7772.564434	-18070.898060	481.770756	0	0	0	765.000000	232.000000	0.000000	0.496320	-0.762280	4.646100	-50.154478	-363.343211	-248.081374
126	279.151767	237.388824	0.000000	254.000000	232.000000	0.000000	-2.686200	46.064999	686.475209	3699.293766	-17266.064350	721.319913	0	0	0	765.000000	232.000000	0.000000	0.338400	0.000000	3.097400	-19.960396	-195.489777	-214.981377
127	278.280803	231.858484	0.000000	254.000000	232.000000	0.000000	-1.998000	50.083199	670.617209	-94.902865	-16283.124250	800.888025	0	0	0	765.000000	232.000000	0.000000	0.090240	-0.650180	3.552900	-73.527306	-327.482024	-178.195228
128	277.550801	226.877907	0.000000	254.000000	232.000000	0.000000	-1.709400	53.035799	649.385109	-3326.210674	-15293.539318	1067.301323	0	0	0	765.000000	232.000000	0.000000	0.451200	-0.246620	1.639800	-254.150620	-235.784386	-242.116122
129	276.908348	222.207745	0.000000	254.000000	232.000000	0.000000	-1.198800	56.365799	628.593509	-6155.347951	-14400.038705	1395.875580	0	0	0	765.000000	232.000000	0.000000	0.225600	-0.134520	3.188500	-128.424829	-332.310070	-252.827310
130	276.418566	218.472660	0.000000	254.000000	232.000000	0.000000	-1.265400	58.186199	609.563908	-8245.778094	-13665.548773	1600.211611	0	0	0	765.000000	232.000000	0.000000	0.360960	-0.156940	2.915200	49.075778	-130.308568	-322.712759
131	275.941173	215.687996	0.000000	254.000000	232.000000	0.000000	-1.176600	57.719999	589.212808	-9611.241610	-12928.020039	1546.893365	0	0	0	765.000000	232.000000	0.000000	0.406080	0.000000	2.368600	-226.091869	-234.887440	-322.511252
132	275.969499	213.735826	0.000000	254.000000	232.000000	0.000000	-1.909200	56.854199	569.126008	-10394.616318	-12503.413427	1849.350846	0	0	0	765.000000	232.000000	0.000000	0.428640	-0.089680	2.550800	-13.848924	-320.632878	-263.451939
133	275.752712	211.902167	0.000000	254.000000	232.000000	0.000000	-2.553000	54.190199	541.726907	-10887.536740	-11784.029191	1791.891629	0	0	0	765.000000	232.000000	0.000000	0.000000	-0.582920	4.099500	-211.862851	-202.338922	-264.195965
134	275.972824	210.311415	0.000000	254.000000	232.000000	0.000000	-3.085800	50.216399	511.684807	-11097.719685	-11243.160128	1712.292769	0	0	0	765.000000	232.000000	0.000000	0.564000	0.022420	3.279600	65.281350	-467.836254	-220.245797
135	276.832643	207.828041	0.000000	254.000000	232.000000	0.000000	-3.041400	45.532199	471.511207	-11397.349464	-10765.847052	1641.539733	0	0	0	765.000000	232.000000	0.000000	0.338400	-0.470820	4.281700	8.214405	-403.815369	-237.044849
136	277.254769	206.669650	0.000000	254.000000	232.000000	0.000000	-2.020200	39.538199	433.804406	-10988.417539	-10088.021249	1557.385539	0	0	0	765.000000	232.000000	0.000000	0.451200	-0.134520	4.281700	2.506790	-417.601143	-263.495828
137	278.374133	205.519509	0.000000	254.000000	232.000000	0.000000	-2.242200	32.633999	391.868805	-10376.878197	-9551.462324	1602.426727	0	0	0	765.000000	232.000000	0.000000	0.293280	-0.044840	5.374900	99.390726	-271.659058	-215.051391
138	279.049216	204.658794	0.000000	254.000000	232.000000	0.000000	-0.954600	26.706599	349.316505	-9550.734647	-8750.104664	1264.855576	0	0	0	765.000000	232.000000	0.000000	0.518880	0.089680	3.097400	67.963116	-211.903294	-284.717917
139	282.081133	203.706394	0.000000	254.000000	232.000000	0.000000	-0.599400	20.712600	306.411804	-8669.494842	-8604.390544	1700.882953	0	0	0	765.000000	232.000000	0.000000	0.225600	-0.224200	3.644000	-103.935369	-351.656772	-285.199304
140	284.682346	202.195557	0.000000	254.000000	232.000000	0.000000	-0.710400	13.275600	266.238204	-7935.081260	-8168.812790	976.962310	0	0	0	765.000000	232.000000	0.000000	0.135360	-0.156940	4.463900	-7.816418	-283.271454	-258.266241
141	288.810080	199.677952	0.000000	254.000000	232.000000	0.000000	-1.221000	10.478400	231.086303	-7469.182548	-8044.132650	843.925436	0	0	0	765.000000	232.000000	0.000000	0.451200	-0.313880	3.279600	-32.217430	-284.738874	-193.794818
142	293.204626	197.799171	0.000000	254.000000	232.000000	0.000000	-0.999000	6.282600	198.841703	-6800.551162	-7795.514566	1088.697259	0	0	0	765.000000	232.000000	0.000000	0.270720	0.179360	3.279600	-116.273288	-155.450952	-209.419312
143	296.021453	196.799547	0.000000	254.000000	232.000000	0.000000	-0.710400	2.486400	175.054702	-6162.004738	-7356.052943	822.250440	0	0	0	765.000000	232.000000	0.000000	0.383520	-0.246620	3.279600	-207.871585	-282.111130	-295.920246
144	297.554164	193.355902	0.000000	254.000000	232.000000	0.000000	0.333000	-0.555000	157.082302	-6070.303905	-6841.588319	880.096159	0	0	0	765.000000	232.000000	0.000000	-0.045120	-0.381140	3.552900	-156.905555	-350.445138	-210.198693
145	297.864069	193.318615	0.000000	254.000000	232.000000	0.000000	1.642800	-2.686200	145.805502	-5639.958785	-6395.622556	1097.842448	0	0	0	765.000000	232.000000	0.000000	0.451200	-0.156940	2.641900	-100.937122	-236.959850	-258.144327
146	294.381676	192.565885	0.000000	254.000000	232.000000	0.000000	4.395600	-4.395600	140.695702	-5548.210465	-5681.528284	1093.052460	0	0	0	765.000000	232.000000	0.000000	0.383520	-0.022420	2.824100	16.804218	-234.545827	-231.123659
147	290.481405	194.257576	0.000000	254.000000	232.000000	0.000000	6.038400	-7.503600	141.488602	-5340.122778	-5161.703025	928.548604	0	0	0	765.000000	232.000000	0.000000	0.473760	0.067260	3.917300	-45.812639	-248.738009	-349.295232
148	286.939762	195.380149	0.000000	254.000000	232.000000	0.000000	5.816400	-12.232200	151.708202	-5555.531795	-4997.231997	653.375731	0	0	0	765.000000	232.000000	0.000000	0.631680	-0.112100	2.459700	32.227759	-309.596849	-193.488464
149	285.335880	197.127537	0.000000	254.000000	232.000000	0.000000	3.618600	-16.738800	171.266402	-5972.481307	-5366.783424	147.390855	0	0	0	765.000000	232.000000	0.000000	0.090240	-0.493240	3.097400	-76.640530	-308.135322	-274.811537
150	284.257090	200.449594	0.000000	254.000000	232.000000	0.000000	0.599400	-22.488600	191.000803	-6026.152905	-5779.128412	-411.690823	0	0	0	765.000000	232.000000	0.000000	0.112800	0.067260	1.730900	-44.968688	-260.377330	-247.256363
151	283.339821	202.940269	0.000000	254.000000	232.000000	0.000000	-2.730600	-30.769199	216.814103	-6300.559614	-6361.287035	-948.290646	0	0	0	765.000000	232.000000	0.000000	0.090240	-0.381140	2.186400	78.181903	-147.161312	-306.946844
152	283.092014	205.193265	0.000000	254.000000	232.000000	0.000000	-4.928400	-40.070999	247.913403	-6645.748950	-7212.300190	-1178.301896	0	0	0	765.000000	232.000000	0.000000	0.067680	-0.246620	2.550800	-123.148672	-268.993444	-285.286560
153	278.641496	211.638502	0.000000	254.000000	232.000000	0.000000	-4.817400	-46.930799	288.439404	-5873.058272	-7107.578535	-999.972530	0	0	0	765.000000	232.000000	0.000000	0.609120	-0.515660	2.824100	119.624875	-327.960776	-231.615148
154	275.663155	216.061885	0.000000	254.000000	232.000000	0.000000	-2.109000	-49.217399	337.599205	-5380.694925	-7313.463873	-333.513546	0	0	0	765.000000	232.000000	0.000000	0.631680	-0.156940	4.463900	-17.198818	-481.259382	-263.452462
155	274.457095	218.871364	0.000000	254.000000	232.000000	0.000000	-1.243200	-45.620999	385.966105	-5067.208571	-7895.745436	1088.447282	0	0	0	765.000000	232.000000	0.000000	0.315840	-0.291460	3.826200	71.648457	-298.936949	-215.331968
156	272.965330	222.440752	0.000000	254.000000	232.000000	0.000000	-1.820400	-45.976199	438.738006	-4194.005373	-8320.810934	2239.831752	0	0	0	765.000000	232.000000	0.000000	0.203040	0.089680	3.917300	-73.089359	-266.445635	-295.595431
157	273.449739	225.728338	0.000000	254.000000	232.000000	0.000000	1.953600	-50.127599	499.174607	-3130.654216	-9708.815993	2648.443430	0	0	0	765.000000	232.000000	0.000000	0.270720	-0.336300	2.550800	-4.659393	-295.689076	-317.580181
158	276.431360	226.763604	0.000000	254.000000	232.000000	0.000000	10.811400	-51.970199	555.382408	-2908.201966	-12457.982548	1762.485689	0	0	0	765.000000	232.000000	0.000000	0.203040	-0.112100	2.915200	-71.154459	-218.239170	-252.809719
159	282.255164	230.331136	0.000000	254.000000	232.000000	0.000000	14.452200	-63.935999	628.769709	-1049.331406	-17765.991424	-633.049280	0	0	0	765.000000	232.000000	0.000000	0.293280	0.179360	3.370700	24.427540	-363.370136	-446.033804
160	285.674078	229.881256	0.000000	254.000000	232.000000	0.000000	11.699400	-56.276999	689.911110	-1461.745360	-21852.298276	-499.830255	0	0	0	765.000000	232.000000	0.000000	0.428640	-0.448400	4.463900	-94.191841	-454.563750	-210.094718
161	284.602381	225.881772	0.000000	254.000000	232.000000	0.000000	9.279600	-38.738999	719.512710	-4402.142480	-22018.801970	1068.275231	0	0	0	765.000000	232.000000	0.000000	0.518880	-0.156940	3.644000	58.176860	-287.794059	-241.984802
162	281.636851	222.157758	0.000000	254.000000	232.000000	0.000000	10.722600	-23.665200	745.766510	-7340.014801	-20610.637881	2049.161840	0	0	0	765.000000	232.000000	0.000000	0.518880	-0.381140	3.552900	-109.993557	-118.375591	-328.292589
163	279.391606	221.803669	0.000000	254.000000	232.000000	0.000000	10.389600	-15.806400	788.230711	-8037.061042	-20014.443343	2435.306426	0	0	0	765.000000	232.000000	0.000000	0.721920	-0.246620	3.188500	-85.865226	-285.736788	-172.100224
164	278.262360	225.092527	0.000000	254.000000	232.000000	0.000000	6.882000	-18.692400	850.869812	-5877.359962	-20644.109899	2556.166141	0	0	0	765.000000	232.000000	0.000000	0.428640	-0.358720	3.370700	-109.052749	-171.095415	-296.034323
165	278.106016	232.855265	0.000000	254.000000	232.000000	0.000000	0.044400	-33.477599	950.246613	812.712650	-22906.660462	2629.665539	0	0	0	765.000000	232.000000	0.000000	0.586560	-0.470820	4.099500	-48.009663	-149.863098	-247.704659
166	278.078063	239.910016	0.000000	254.000000	232.000000	0.000000	-7.681200	-56.743199	1070.150715	8464.909806	-25767.156037	2263.943753	0	0	0	765.000000	232.000000	0.000000	0.293280	-0.291460	3.097400	-31.276622	-334.830954	-322.896676
167	278.546487	242.874743	0.000000	254.000000	232.000000	0.000000	-10.722600	-65.267999	1164.505816	12663.701255	-28584.527421	1327.262946	0	0	0	765.000000	232.000000	0.000000	0.045120	0.089680	2.915200	-100.849747	-221.513968	-258.011788
168	279.087794	243.628736	0.000000	254.000000	232.000000	0.000000	-8.436000	-61.382999	1239.478917	14413.573566	-31095.791985	-331.433073	0	0	0	765.000000	232.000000	0.000000	0.406080	-0.156940	4.737200	85.902084	-284.696809	-317.317543
169	278.932206	243.905088	0.000000	254.000000	232.000000	0.000000	-10.700400	-61.049999	1302.029918	15500.780404	-32462.477743	-1553.438491	0	0	0	765.000000	232.000000	0.000000	0.112800	-0.179360	4.281700	103.972227	-263.369418	-204.523248
170	278.013490	245.746939	0.000000	254.000000	232.000000	0.000000	-17.915400	-66.444599	1371.981319	18860.543784	-32946.059746	-1907.344311	0	0	0	765.000000	232.000000	0.000000	0.541440	-0.358720	2.733000	-258.924990	-231.164168	-263.723982
171	277.054445	248.812237	0.000000	254.000000	232.000000	0.000000	-24.730799	-82.073398	1451.976120	24410.966542	-33474.503838	-2220.496325	0	0	0	765.000000	232.000000	0.000000	0.090240	0.022420	2.733000	-94.008455	-241.864477	-236.562068
172	276.098569	251.333314	0.000000	254.000000	232.000000	0.000000	-31.057799	-100.921198	1522.191821	29429.011740	-33638.260808	-2733.501296	0	0	0	765.000000	232.000000	0.000000	0.293280	-0.762280	2.459700	72.660667	-136.552723	-221.270748
173	275.356881	251.979851	0.000000	254.000000	232.000000	0.000000	-30.658199	-106.004998	1572.937422	31427.055425	-33593.037419	-3959.984569	0	0	0	765.000000	232.000000	0.000000	0.270720	-0.582920	3.735100	-14.691801	-306.484460	-253.335867
174	275.063630	251.514392	0.000000	254.000000	232.000000	0.000000	-24.464399	-102.341998	1615.225422	31520.142542	-34022.511119	-5899.381599	0	0	0	765.000000	232.000000	0.000000	0.586560	-0.201780	3.279600	65.958960	-242.963359	-376.456275
175	274.857184	250.637447	0.000000	254.000000	232.000000	0.000000	-20.934600	-94.594198	1652.491723	30798.226540	-34466.323590	-7203.004188	0	0	0	765.000000	232.000000	0.000000	0.293280	-0.403560	2.915200	-35.558687	-240.555229	-333.783769
176	275.069137	249.755052	0.000000	254.000000	232.000000	0.000000	-19.336200	-86.668798	1682.886223	29879.732672	-35456.961101	-8044.022972	0	0	0	765.000000	232.000000	0.000000	0.541440	0.112100	3.370700	78.110501	-278.943192	-300.816310
177	275.855853	247.886459	0.000000	254.000000	232.000000	0.000000	-18.847800	-80.186398	1707.906624	27132.589125	-37327.756491	-8324.662045	0	0	0	765.000000	232.000000	0.000000	0.406080	-0.425980	4.555000	-112.121325	-209.233486	-231.588327
178	276.193415	244.640255	0.000000	254.000000	232.000000	0.000000	-21.756000	-63.514199	1719.007224	21728.689765	-38150.640724	-6467.476814	0	0	0	765.000000	232.000000	0.000000	0.157920	-0.022420	4.281700	63.153582	-265.121247	-274.233141
179	276.375143	241.760641	0.000000	254.000000	232.000000	0.000000	-22.533000	-49.616999	1726.848124	16855.144280	-38638.473374	-5099.392563	0	0	0	765.000000	232.000000	0.000000	0.496320	-0.044840	4.463900	-12.846423	-259.661286	-236.484217
180	277.172964	239.362174	0.000000	254.000000	232.000000	0.000000	-20.956800	-43.067999	1728.522024	12725.679634	-40054.978320	-4602.352298	0	0	0	765.000000	232.000000	0.000000	0.631680	0.156940	3.097400	-4.484643	-235.095267	-311.484480
181	278.068465	236.608382	0.000000	254.000000	232.000000	0.000000	-20.868000	-33.877199	1725.702824	7952.697718	-41535.018106	-3371.838055	0	0	0	765.000000	232.000000	0.000000	0.541440	-0.089680	3.279600	-145.483835	-325.867334	-279.541798
182	278.690151	234.045423	0.000000	254.000000	232.000000	0.000000	-23.132400	-27.061799	1712.840224	3503.482483	-42290.284133	-2114.051968	0	0	0	765.000000	232.000000	0.000000	0.609120	0.201780	2.824100	6.744208	-233.898772	-220.017991
183	279.398239	231.253585	0.000000	254.000000	232.000000	0.000000	-27.239399	-22.177800	1699.008523	-1268.165077	-43151.824872	-860.233915	0	0	0	765.000000	232.000000	0.000000	0.360960	0.044840	2.186400	57.191405	-317.577694	-290.209271
184	280.499524	227.974107	0.000000	254.000000	232.000000	0.000000	-31.057799	-7.037400	1683.943423	-6779.376200	-44623.699034	406.048122	0	0	0	765.000000	232.000000	0.000000	0.270720	-0.112100	1.822000	32.473912	-266.615592	-306.561595
185	281.037211	223.914959	0.000000	254.000000	232.000000	0.000000	-35.231399	5.572200	1672.930923	-13525.714564	-45231.386951	2223.774804	0	0	0	765.000000	232.000000	0.000000	0.586560	-0.112100	3.552900	31.805784	-186.846738	-295.684080
186	281.193212	218.675724	0.000000	254.000000	232.000000	0.000000	-41.891399	25.951799	1667.292523	-22215.466073	-45339.038364	3387.899981	0	0	0	765.000000	232.000000	0.000000	0.180480	-0.470820	3.006300	-113.264485	-292.719719	-263.994806
187	281.033701	212.778040	0.000000	254.000000	232.000000	0.000000	-44.333399	54.167999	1659.099223	-31891.138699	-44851.593003	4030.595060	0	0	0	765.000000	232.000000	0.000000	0.496320	-0.313880	2.095300	52.681306	-191.039515	-220.666401
188	280.533329	207.555480	0.000000	254.000000	232.000000	0.000000	-44.866199	78.499198	1656.103823	-40482.663634	-43941.947593	4015.406804	0	0	0	765.000000	232.000000	0.000000	0.383520	0.224200	4.555000	-49.347838	-227.169972	-236.212174
189	280.000463	203.162161	0.000000	254.000000	232.000000	0.000000	-41.824799	96.370198	1651.170223	-47616.181647	-42931.190148	3582.279862	0	0	0	765.000000	232.000000	0.000000	0.541440	-0.650180	3.279600	-73.421813	-241.211530	-307.088265
190	279.200177	199.158823	0.000000	254.000000	232.000000	0.000000	-38.183999	112.753798	1639.629123	-53847.350659	-41318.944473	2766.897003	0	0	0	765.000000	232.000000	0.000000	-0.270720	-0.291460	1.822000	-68.313916	-207.968840	-242.447380
191	278.265547	195.507426	0.000000	254.000000	232.000000	0.000000	-34.565399	128.671197	1622.009122	-59191.287990	-39358.938873	2400.500342	0	0	0	765.000000	232.000000	0.000000	0.406080	-0.156940	3.279600	-16.741678	-141.894038	-322.695343
192	277.245541	192.690911	0.000000	254.000000	232.000000	0.000000	-29.437199	138.816597	1601.217522	-62942.401950	-37221.168232	2069.861262	0	0	0	765.000000	232.000000	0.000000	0.383520	-0.089680	3.461800	-117.406965	-122.419444	-112.890956
193	276.162021	190.642825	0.000000	254.000000	232.000000	0.000000	-24.930599	143.478597	1583.597522	-65493.120156	-35095.721949	1366.389620	0	0	0	765.000000	232.000000	0.000000	0.203040	-0.201780	2.915200	0.422822	-190.020569	-295.937314
194	275.108906	189.027559	0.000000	254.000000	232.000000	0.000000	-20.002200	147.430197	1564.127422	-67214.373423	-33017.018260	445.095987	0	0	0	765.000000	232.000000	0.000000	0.112800	-0.425980	2.641900	10.588325	-110.946726	-258.590533
195	273.958709	187.957173	0.000000	254.000000	232.000000	0.000000	-11.433000	145.076997	1544.216821	-68011.674508	-30820.574397	-667.465410	0	0	0	765.000000	232.000000	0.000000	0.067680	-0.470820	3.188500	8.636380	-297.960067	-258.660547
196	272.923644	187.384984	0.000000	254.000000	232.000000	0.000000	-4.995000	142.967997	1526.244421	-68093.419607	-28882.106233	-1192.933360	0	0	0	765.000000	232.000000	0.000000	0.338400	-0.201780	3.735100	-93.717655	-290.299803	-258.240465
197	272.625322	187.023517	0.000000	254.000000	232.000000	0.000000	-0.865800	141.547197	1507.214821	-67789.222414	-28072.361926	-1775.837329	0	0	0	765.000000	232.000000	0.000000	0.090240	0.000000	4.281700	54.641661	-337.743107	-284.988567
198	272.819093	187.128872	0.000000	254.000000	232.000000	0.000000	-2.997000	138.461397	1489.594821	-66839.800438	-28032.823573	-1797.442506	0	0	0	765.000000	232.000000	0.000000	0.541440	-0.493240	3.097400	-10.963733	-316.247413	-360.682174
199	273.097667	186.810007	0.000000	254.000000	232.000000	0.000000	-4.728600	138.994197	1473.736820	-66598.156468	-28144.934524	-1454.917086	0	0	0	765.000000	232.000000	0.000000	0.293280	-0.067260	3.097400	-22.571832	-250.175150	-322.633689
200	273.104394	186.363794	0.000000	254.000000	232.000000	0.000000	-6.837600	140.281797	1461.579020	-66700.920604	-27922.581914	-787.900994	0	0	0	765.000000	232.000000	0.000000	0.067680	-0.269040	5.557100	62.468409	-225.488831	-344.468659
201	273.091042	185.159583	0.000000	254.000000	232.000000	0.000000	-7.237200	147.918597	1447.130620	-67784.201817	-27627.232017	273.913033	0	0	0	765.000000	232.000000	0.000000	0.315840	0.112100	3.006300	115.780758	-232.131803	-290.147792
202	273.341067	183.851472	0.000000	254.000000	232.000000	0.000000	-7.326000	160.306197	1428.805820	-68794.897430	-27634.629599	1793.127624	0	0	0	765.000000	232.000000	0.000000	0.406080	-0.246620	2.824100	-38.812570	-282.452743	-285.155938
203	273.577065	182.450771	0.000000	254.000000	232.000000	0.000000	-6.682200	174.625196	1403.697319	-69552.119961	-27480.273715	3200.934494	0	0	0	765.000000	232.000000	0.000000	0.789600	0.022420	4.463900	27.294612	-327.485378	-273.936715
204	273.642825	180.980965	0.000000	254.000000	232.000000	0.000000	-4.306800	186.790796	1365.902419	-69687.023073	-26830.182419	4297.460593	0	0	0	765.000000	232.000000	0.000000	0.428640	-0.044840	3.279600	-78.066080	-406.143565	-220.376942
205	273.141761	179.276036	0.000000	254.000000	232.000000	0.000000	-2.619600	192.229796	1308.813618	-69005.842336	-25052.997007	4963.480239	0	0	0	765.000000	232.000000	0.000000	0.767040	-0.246620	5.101600	63.514711	-195.670679	-241.994207
206	272.320586	177.484830	0.000000	254.000000	232.000000	0.000000	-0.865800	180.818996	1212.344117	-66091.146047	-22210.854393	4830.736183	0	0	0	765.000000	232.000000	0.000000	0.338400	-0.246620	4.828300	16.708207	-282.175926	-381.982462
207	270.916839	175.053216	0.000000	254.000000	232.000000	0.000000	1.531800	142.324197	1060.107315	-60369.702624	-17933.664458	3988.846154	0	0	0	765.000000	232.000000	0.000000	0.360960	0.224200	3.097400	-114.462001	-149.334689	-198.576282
208	267.688483	171.730709	0.000000	254.000000	232.000000	0.000000	4.617600	76.367998	848.579212	-51143.267182	-11615.762052	2477.837576	0	0	0	765.000000	232.000000	0.000000	0.406080	-0.672600	2.733000	-45.934105	-319.970684	-334.055812
209	260.056355	167.663864	0.000000	254.000000	232.000000	0.000000	9.612600	-2.109000	576.526408	-37091.481336	-3491.648561	571.891537	0	0	0	765.000000	232.000000	0.000000	0.293280	0.000000	4.008400	223.630347	-326.493356	-198.865393
210	238.526969	163.179142	0.000000	254.000000	232.000000	0.000000	7.703400	-80.030998	262.978504	-18098.406356	4069.074647	67.284387	0	0	0	765.000000	232.000000	0.000000	-0.022560	-0.044840	2.641900	6.621668	-171.534641	-338.862705
211	151.320788	148.980673	0.000000	254.000000	232.000000	0.000000	16.317000	-17.071800	31.804100	-2640.355000	3265.619960	2345.470360	0	0	0	765.000000	232.000000	0.000000	0.090240	-0.851960	2.550800	-34.062808	-260.463158	-275.232316
212	0	0	0	254.000000	232.000000	0.000000	2.331000	0.732600	-1.497700	-529.739269	-879.131226	-22.691534	0	0	0	765.000000	232.000000	0.000000	0.406080	-0.313880	3.826200	-126.252413	-340.065409	-269.101434
213	0	0	0	254.000000	232.000000	0.000000	2.797200	0.976800	0.704800	-412.902047	-763.396759	-22.792655	0	0	0	765.000000	232.000000	0.000000	0.112800	-0.313880	2.550800	-106.995310	-289.557674	-177.792040
214	0	0	0	254.000000	232.000000	0.000000	3.463200	0.888000	-1.673900	-484.636924	-945.821027	-262.932110	0	0	0	765.000000	232.000000	0.000000	0.315840	-0.784700	3.644000	-88.167744	-129.411621	-264.310738
215	0	0	0	254.000000	232.000000	0.000000	2.886000	0.821400	0.264300	-477.427316	-834.682003	-142.810767	0	0	0	765.000000	232.000000	0.000000	0.360960	-0.336300	2.824100	-89.206483	-252.482313	-209.989349
216	0	0	0	254.000000	232.000000	0.000000	3.174600	1.110000	-1.409600	-417.355414	-808.302446	-191.779362	0	0	0	765.000000	232.000000	0.000000	0.360960	-0.762280	3.370700	-96.574171	-281.342076	-323.422823
217	0	0	0	254.000000	232.000000	0.000000	3.219000	0.732600	-0.264300	-510.208424	-819.716574	-156.196939	0	0	0	765.000000	232.000000	0.000000	0.022560	0.336300	3.097400	-138.256805	-239.664175	-273.864611
218	0	0	0	254.000000	232.000000	0.000000	3.174600	0.599400	-1.057200	-457.976333	-663.558750	-89.503510	0	0	0	765.000000	232.000000	0.000000	0.451200	-0.650180	2.004200	-26.017510	-367.898633	-355.523297
219	0	0	0	254.000000	232.000000	0.000000	2.730600	0.777000	0.264300	-517.915368	-750.997222	-80.550018	0	0	0	765.000000	232.000000	0.000000	0.112800	-0.425980	2.733000	57.465159	-402.645799	-253.212733
220	0	0	0	254.000000	232.000000	0.000000	3.108000	0.599400	-0.792900	-390.327579	-525.682725	-138.386857	0	0	0	765.000000	232.000000	0.000000	0.406080	-0.403560	2.733000	142.777234	-272.939682	-263.828828
221	0	0	0	254.000000	232.000000	0.000000	3.085800	0.999000	-0.176200	-518.359700	-746.601470	-98.409939	0	0	0	765.000000	232.000000	0.000000	0.157920	-0.358720	4.281700	-24.962799	-218.090245	-312.272221
222	0	0	0	254.000000	232.000000	0.000000	2.730600	0.621600	-1.321500	-544.011062	-635.351682	-84.982586	0	0	0	765.000000	232.000000	0.000000	0.203040	-0.067260	2.459700	24.586318	-358.797874	-258.134922
223	0	0	0	254.000000	232.000000	0.000000	3.196800	0.555000	-1.585800	-498.556890	-712.768565	-102.838844	0	0	0	765.000000	232.000000	0.000000	0.676800	-0.358720	3.735100	-52.899010	-388.094325	-312.071933
224	0	0	0	254.000000	232.000000	0.000000	3.130200	0.954600	-0.704800	-472.022755	-700.263308	-71.744156	0	0	0	765.000000	232.000000	0.000000	0.609120	-0.022420	4.008400	157.083071	-272.912757	-333.214778
225	0	0	0	254.000000	232.000000	0.000000	3.285600	0.976800	-0.440500	-374.472474	-783.926945	-85.108127	0	0	0	765.000000	232.000000	0.000000	0.270720	0.269040	3.917300	-0.448730	-287.885780	-343.759117
226	0	0	0	254.000000	232.000000	0.000000	2.819400	0.466200	-0.352400	-531.029648	-764.410360	-89.430694	0	0	0	765.000000	232.000000	0.000000	0.248160	-0.224200	3.644000	74.330223	-239.658282	-295.946196
227	0	0	0	254.000000	232.000000	0.000000	3.063600	0.355200	-0.704800	-545.393946	-610.646928	-147.249552	0	0	0	765.000000	232.000000	0.000000	0.451200	-0.179360	3.006300	-55.036261	-303.230694	-317.326425
228	0	0	0	254.000000	232.000000	0.000000	2.841600	0.599400	-1.321500	-361.447583	-668.939911	-125.005237	0	0	0	765.000000	232.000000	0.000000	0.022560	-0.470820	3.188500	-94.570015	-277.395837	-183.388763
229	0	0	0	254.000000	232.000000	0.000000	2.952600	0.954600	-1.057200	-346.536921	-712.154696	-58.378075	0	0	0	765.000000	232.000000	0.000000	0.135360	-0.336300	1.366500	5.180146	-204.388601	-263.854430
230	0	0	0	254.000000	232.000000	0.000000	3.063600	0.555000	0.000000	-478.964375	-649.181346	-71.700533	0	0	0	765.000000	232.000000	0.000000	0.270720	-0.739860	2.733000	-198.663935	-342.933798	-232.008757
231	0	0	0	254.000000	232.000000	0.000000	2.908200	0.510600	-0.616700	-403.670346	-816.386108	-58.334785	0	0	0	765.000000	232.000000	0.000000	0.564000	-0.224200	3.826200	64.877494	-186.291404	-242.046282
232	0	0	0	254.000000	232.000000	0.000000	3.085800	0.421800	-0.792900	-378.444783	-698.412305	-107.253763	0	0	0	765.000000	232.000000	0.000000	0.157920	-0.336300	4.190600	60.384441	-152.139982	-210.067722
233	0	0	0	254.000000	232.000000	0.000000	2.775000	0.777000	0.000000	-382.756616	-637.104013	-53.887787	0	0	0	765.000000	232.000000	0.000000	0.428640	-0.515660	2.824100	44.565679	-302.141059	-296.218413
234	0	0	0	254.000000	232.000000	0.000000	3.085800	0.777000	0.440500	-537.199533	-765.847535	-45.052177	0	0	0	765.000000	232.000000	0.000000	0.180480	-0.358720	4.008400	-53.004504	-331.519984	-253.107713
235	0	0	0	254.000000	232.000000	0.000000	3.019200	0.643800	-0.088100	-591.153693	-772.750446	-129.484869	0	0	0	765.000000	232.000000	0.000000	0.248160	-0.112100	3.552900	-137.077408	-107.864616	-285.059103
236	0	0	0	254.000000	232.000000	0.000000	3.219000	0.688200	0.176200	-560.276889	-781.090533	-85.073384	0	0	0	765.000000	232.000000	0.000000	-0.180480	-0.156940	2.550800	-25.842760	-193.514980	-242.254755
237	0	0	0	254.000000	232.000000	0.000000	3.219000	0.466200	0.176200	-492.307142	-761.795132	-98.390625	0	0	0	765.000000	232.000000	0.000000	0.699360	-0.089680	2.459700	-126.402554	-265.193590	-295.614241
238	0	0	0	254.000000	232.000000	0.000000	3.418800	0.688200	-0.881000	-560.461899	-712.354736	-85.108349	0	0	0	765.000000	232.000000	0.000000	0.225600	-0.201780	2.459700	-18.166154	-237.393184	-231.395006
239	0	0	0	254.000000	232.000000	0.000000	2.908200	0.688200	0.000000	-492.705222	-739.155170	-89.463994	0	0	0	765.000000	232.000000	0.000000	0.270720	-0.582920	3.188500	4.283985	-174.156492	-215.691267
240	0	0	0	254.000000	232.000000	0.000000	3.307800	0.555000	0.616700	-459.541452	-697.942092	-85.078268	0	0	0	765.000000	232.000000	0.000000	0.270720	-0.627760	4.190600	-101.050178	-297.612561	-334.055464
241	0	0	0	254.000000	232.000000	0.000000	3.152400	0.710400	-0.440500	-540.140785	-662.580388	-80.618505	0	0	0	765.000000	232.000000	0.000000	0.654240	0.000000	3.006300	26.986767	-264.082923	-338.548863
242	0	0	0	254.000000	232.000000	0.000000	3.374400	0.555000	0.088100	-440.318956	-681.476056	-107.314924	0	0	0	765.000000	232.000000	0.000000	0.564000	-0.291460	4.828300	61.879246	-262.716471	-274.391978
243	0	0	0	254.000000	232.000000	0.000000	3.130200	0.688200	0.528600	-425.010215	-825.584740	-125.062846	0	0	0	765.000000	232.000000	0.000000	0.541440	0.179360	3.552900	33.739611	-354.406516	-263.092814
244	0	0	0	254.000000	232.000000	0.000000	3.085800	0.444000	-1.321500	-367.950762	-843.170097	-93.920539	0	0	0	765.000000	232.000000	0.000000	0.428640	-0.291460	4.099500	-12.898633	-247.199900	-252.933027
245	0	0	0	254.000000	232.000000	0.000000	3.263400	0.688200	0.264300	-454.028968	-686.464533	-85.081154	0	0	0	765.000000	232.000000	0.000000	0.541440	0.044840	2.824100	56.945253	-315.926832	-300.895206
246	0	0	0	254.000000	232.000000	0.000000	3.130200	0.399600	-1.585800	-447.115068	-796.810791	-120.594758	0	0	0	765.000000	232.000000	0.000000	0.406080	-0.672600	4.008400	-159.015204	-500.184536	-264.144412
247	0	0	0	254.000000	232.000000	0.000000	3.041400	0.910200	0.088100	-502.714549	-764.017676	-125.065066	0	0	0	765.000000	232.000000	0.000000	0.451200	0.022420	2.368600	18.720998	-387.138475	-220.289338
248	0	0	0	254.000000	232.000000	0.000000	3.041400	0.621600	-0.969100	-321.826886	-783.397652	-93.926977	0	0	0	765.000000	232.000000	0.000000	0.293280	-0.358720	3.552900	-249.859071	-410.614858	-296.086572
249	0	0	0	254.000000	232.000000	0.000000	3.085800	0.555000	-1.145300	-421.219800	-794.917500	-31.699416	0	0	0	765.000000	232.000000	0.000000	0.721920	-0.134520	2.550800	-100.031478	-313.207367	-166.590930
250	0	0	0	254.000000	232.000000	0.000000	3.130200	0.399600	-0.176200	-504.813389	-738.811821	-111.704757	0	0	0	765.000000	232.000000	0.000000	0.564000	-0.605340	3.552900	-156.227945	-204.783224	-242.493359
251	0	0	0	254.000000	232.000000	0.000000	2.686200	0.333000	0.264300	-459.235877	-662.309868	-98.286729	0	0	0	765.000000	232.000000	0.000000	0.428640	0.022420	3.097400	-75.384314	-208.399635	-274.076046
252	0	0	0	254.000000	232.000000	0.000000	2.797200	0.532800	-1.497700	-451.182997	-686.391356	-107.212138	0	0	0	765.000000	232.000000	0.000000	0.541440	-0.336300	2.915200	-70.476849	-259.596490	-274.453283
253	0	0	0	254.000000	232.000000	0.000000	3.063600	0.466200	-0.616700	-560.048402	-765.003085	-49.468428	0	0	0	765.000000	232.000000	0.000000	0.112800	-0.381140	2.095300	115.746666	-129.117965	-188.626536
254	0	0	0	254.000000	232.000000	0.000000	3.130200	0.777000	-0.969100	-324.981207	-642.398250	-80.619948	0	0	0	765.000000	232.000000	0.000000	0.406080	-0.470820	2.004200	-0.288880	-272.084800	-237.018724
255	0	0	0	254.000000	232.000000	0.000000	3.085800	0.266400	-0.704800	-587.740050	-621.223654	-125.021332	0	0	0	765.000000	232.000000	0.000000	0.112800	-0.156940	3.461800	-101.253603	-318.844878	-220.630349
256	0	0	0	254.000000	232.000000	0.000000	3.374400	0.732600	-0.088100	-423.260086	-729.728654	-53.989130	0	0	0	765.000000	232.000000	0.000000	0.180480	0.112100	4.555000	-91.229831	-322.754945	-220.288641
257	0	0	0	254.000000	232.000000	0.000000	3.485400	0.643800	0.176200	-388.299935	-753.648038	-142.901454	0	0	0	765.000000	232.000000	0.000000	0.293280	0.000000	2.368600	55.380118	-164.664464	-220.376593
258	0	0	0	254.000000	232.000000	0.000000	3.219000	0.532800	-0.440500	-267.505482	-675.015165	-125.065954	0	0	0	765.000000	232.000000	0.000000	0.451200	-0.582920	3.279600	-183.399170	-256.520273	-317.799801
259	0	0	0	254.000000	232.000000	0.000000	3.063600	0.421800	-0.352400	-397.682696	-716.743440	-107.249878	0	0	0	765.000000	232.000000	0.000000	-0.067680	-0.201780	2.550800	-140.172513	-150.863551	-387.464412
260	0	0	0	254.000000	232.000000	0.000000	3.019200	0.976800	0.176200	-297.104549	-628.013798	-89.506507	0	0	0	765.000000	232.000000	0.000000	0.383520	-0.448400	3.370700	-253.270658	-103.500183	-306.912534
261	0	0	0	254.000000	232.000000	0.000000	3.130200	0.599400	-1.057200	-332.428829	-758.177702	-120.610742	0	0	0	765.000000	232.000000	0.000000	0.293280	0.134520	3.552900	-71.207742	-372.990057	-300.885801
262	0	0	0	254.000000	232.000000	0.000000	2.886000	0.888000	-0.792900	-484.482749	-757.584977	-102.811094	0	0	0	765.000000	232.000000	0.000000	0.360960	-0.179360	3.279600	19.917442	-318.860017	-295.850058
263	0	0	0	254.000000	232.000000	0.000000	2.730600	0.377400	-1.762000	-467.389929	-673.977723	-84.963050	0	0	0	765.000000	232.000000	0.000000	-0.067680	0.044840	4.008400	28.340914	-378.322126	-193.574327
264	0	0	0	254.000000	232.000000	0.000000	2.974800	0.643800	-0.881000	-465.744947	-606.944922	-58.357096	0	0	0	765.000000	232.000000	0.000000	0.045120	-0.358720	3.279600	78.630407	-278.378612	-237.026562
265	0	0	0	254.000000	232.000000	0.000000	2.908200	0.466200	-0.704800	-415.201315	-642.734551	-67.221234	0	0	0	765.000000	232.000000	0.000000	0.586560	0.044840	3.826200	0.264045	-328.260325	-247.099790
266	0	0	0	254.000000	232.000000	0.000000	2.775000	0.621600	-1.233400	-524.680644	-666.145786	-84.990356	0	0	0	765.000000	232.000000	0.000000	0.564000	-0.381140	3.917300	-25.692619	-289.866469	-306.763973
267	0	0	0	254.000000	232.000000	0.000000	3.085800	0.555000	1.762000	-488.313525	-727.151014	-129.489420	0	0	0	765.000000	232.000000	0.000000	0.428640	0.112100	4.281700	-62.977138	-106.320615	-263.215251
268	0	0	0	254.000000	232.000000	0.000000	2.686200	0.555000	0.088100	-392.031455	-614.085462	-9.404485	0	0	0	765.000000	232.000000	0.000000	0.654240	-0.269040	3.552900	44.477231	-227.099283	-268.953047
269	0	0	0	254.000000	232.000000	0.000000	3.041400	0.177600	-0.616700	-427.263230	-715.835558	-27.216454	0	0	0	765.000000	232.000000	0.000000	0.383520	-0.201780	3.644000	-93.682490	-395.412976	-285.112049
270	0	0	0	254.000000	232.000000	0.000000	3.374400	0.466200	-0.704800	-463.488816	-633.300987	-111.752820	0	0	0	765.000000	232.000000	0.000000	0.428640	-0.538080	2.368600	34.488623	-348.637759	-210.199912
271	0	0	0	254.000000	232.000000	0.000000	3.374400	0.821400	-0.881000	-448.655242	-778.030587	-40.661234	0	0	0	765.000000	232.000000	0.000000	0.428640	-0.156940	2.550800	-63.372359	-198.352273	-166.730435
272	0	0	0	254.000000	232.000000	0.000000	3.130200	0.621600	-0.352400	-389.321465	-719.530516	-102.832517	0	0	0	765.000000	232.000000	0.000000	0.315840	-0.156940	4.463900	-7.816418	-327.903572	-252.818776
273	0	0	0	254.000000	232.000000	0.000000	3.041400	0.599400	-0.176200	-409.534657	-715.800318	-53.920199	0	0	0	765.000000	232.000000	0.000000	0.721920	-0.179360	3.552900	-64.629648	-380.226233	-225.799328
274	98.812486	284.902902	0.000000	254.000000	232.000000	0.000000	16.095000	147.230397	320.155404	16937.150080	49684.121409	-25008.831022	0	0	0	765.000000	232.000000	0.000000	0.090240	-0.381140	2.733000	-34.617879	-270.083079	-199.390844
275	121.351638	337.459521	0.000000	254.000000	232.000000	0.000000	107.048398	217.804195	621.986009	65594.346488	82505.425066	-45530.734561	0	0	0	765.000000	232.000000	0.000000	1.443840	-0.201780	3.826200	244.013564	-201.639672	-5.057166
276	210.781893	154.140853	0.000000	254.000000	232.000000	0.000000	-406.326592	-726.961185	2884.482140	-224583.319875	124661.856547	104871.248091	0	0	0	765.000000	232.000000	0.000000	-3.677280	5.291120	-3.006300	2327.015761	550.767084	628.611852
277	249.677357	124.225942	0.000000	254.000000	232.000000	0.000000	-182.927996	-589.631988	2884.482140	-310872.345235	12468.586921	36230.369353	0	0	0	765.000000	232.000000	0.000000	-11.731200	2.847340	13.756100	-251.290213	-661.185771	601.125285
278	201.457872	355.241895	0.000000	254.000000	232.000000	0.000000	132.733797	183.327596	1876.177626	231223.685419	98578.364254	-13524.025142	0	0	0	765.000000	232.000000	0.000000	-9.903840	11.389360	-0.637700	-1649.825650	-555.345518	208.515436
279	186.744857	335.292493	0.000000	254.000000	232.000000	0.000000	158.352597	466.266590	1615.313522	166849.760502	108638.141175	-35878.379413	0	0	0	765.000000	232.000000	0.000000	4.805280	-0.112100	15.578100	3067.061514	2278.393991	87.768145
280	173.167784	350.630527	0.000000	254.000000	232.000000	0.000000	55.455599	236.385595	1749.137424	207501.093783	141386.653423	-7842.925879	0	0	0	765.000000	232.000000	0.000000	0.315840	2.667980	9.018900	-181.366289	-239.184583	-120.437945
281	189.521104	352.232672	0.000000	254.000000	232.000000	0.000000	48.795599	197.313596	2004.979828	241064.082169	129278.885888	25836.686682	0	0	0	765.000000	232.000000	0.000000	-2.165760	-1.008900	4.737200	15.294286	-203.654948	-125.708823
282	194.471133	344.881896	0.000000	254.000000	232.000000	0.000000	107.248198	238.427995	1977.580727	223233.062144	117723.140538	15608.557931	0	0	0	765.000000	232.000000	0.000000	-4.579680	-1.188260	1.548700	169.062008	-106.191977	-282.807185
283	197.903478	346.986717	0.000000	254.000000	232.000000	0.000000	146.164797	94.860598	1968.065927	226301.438936	110401.654345	-1099.967728	0	0	0	765.000000	232.000000	0.000000	-1.353600	-1.121000	-1.548700	50.897847	-209.002112	-130.904622
284	206.139091	346.455928	0.000000	254.000000	232.000000	0.000000	98.479198	62.537399	1974.497227	225992.913210	94501.231702	2400.288242	0	0	0	765.000000	232.000000	0.000000	0.293280	0.224200	1.184300	64.542047	-210.306282	-177.091207
285	209.164281	346.642858	0.000000	254.000000	232.000000	0.000000	80.918998	56.232599	1967.449227	225554.001543	88212.001263	4212.980731	0	0	0	765.000000	232.000000	0.000000	0.270720	-0.134520	7.379100	-8.071206	-320.165072	-134.498294
286	210.643727	348.207573	0.000000	254.000000	232.000000	0.000000	72.838198	40.115399	1924.368327	223626.172286	83433.438935	3188.889207	0	0	0	765.000000	232.000000	0.000000	0.067680	0.941640	8.563400	-98.098951	-87.922215	-278.514931
287	210.771353	349.984628	0.000000	254.000000	232.000000	0.000000	59.096399	34.654199	1829.132225	215809.485469	79070.912017	4320.760962	0	0	0	765.000000	232.000000	0.000000	0.360960	1.502140	5.374900	131.306574	-368.348806	-336.900058
288	212.357944	352.063729	0.000000	254.000000	232.000000	0.000000	54.678599	31.856999	1748.344524	209912.762740	72804.661283	2090.367767	0	0	0	765.000000	232.000000	0.000000	0.406080	-0.538080	7.652400	-5.080522	-353.959742	-263.986620
289	213.844926	354.059664	0.000000	254.000000	232.000000	0.000000	44.954999	35.764199	1651.963123	201638.064263	66334.701351	-1793.173329	0	0	0	765.000000	232.000000	0.000000	0.473760	-0.022420	3.735100	53.982170	-286.149090	-236.466627
290	213.543806	357.333217	0.000000	254.000000	232.000000	0.000000	30.547199	37.007399	1549.679021	194226.257272	62694.115783	-1719.631418	0	0	0	765.000000	232.000000	0.000000	-0.564000	-0.807120	3.097400	-13.768039	-104.015991	-334.588055
291	213.550287	360.853025	0.000000	254.000000	232.000000	0.000000	18.670200	34.787399	1458.759820	187965.616184	59006.416693	-1495.125334	0	0	0	765.000000	232.000000	0.000000	-0.203040	0.224200	-1.002100	131.062794	-207.283915	-188.038386
292	213.492176	365.063572	0.000000	254.000000	232.000000	0.000000	6.637800	23.021400	1377.003019	183228.940075	55779.395689	-1114.253370	0	0	0	765.000000	232.000000	0.000000	0.496320	-1.165840	3.097400	-140.284497	-173.402577	-253.932550
293	212.634320	369.658353	0.000000	254.000000	232.000000	0.000000	-1.953600	12.321000	1292.603218	177937.629651	53469.411316	-827.413832	0	0	0	765.000000	232.000000	0.000000	0.338400	-0.381140	4.646100	-129.180331	-376.024209	-253.073054
294	211.057088	374.622745	0.000000	254.000000	232.000000	0.000000	-7.770000	-0.488400	1219.656417	173950.746111	52375.597629	-443.101195	0	0	0	765.000000	232.000000	0.000000	0.270720	-0.425980	5.374900	-168.732204	-204.939741	-290.796376
295	209.891637	379.080611	0.000000	254.000000	232.000000	0.000000	-10.123200	-8.813400	1154.110016	169747.205796	50905.903178	-557.593390	0	0	0	765.000000	232.000000	0.000000	0.451200	0.156940	2.459700	33.291107	-255.558530	-171.731346
296	208.757502	383.822441	0.000000	254.000000	232.000000	0.000000	-10.789200	-11.854800	1087.506415	165107.878538	49201.507301	-601.683529	0	0	0	765.000000	232.000000	0.000000	0.157920	-0.112100	5.283800	-25.156741	-125.203704	-295.849536
297	207.776192	388.101109	0.000000	254.000000	232.000000	0.000000	-11.655000	-9.501600	1024.603014	159941.667008	47361.053167	-966.210285	0	0	0	765.000000	232.000000	0.000000	0.112800	0.000000	2.459700	-85.391040	-374.106617	-150.534859
298	205.393867	392.610312	0.000000	254.000000	232.000000	0.000000	-9.190800	-9.479400	974.562213	156524.741300	47369.700468	-1291.128308	0	0	0	765.000000	232.000000	0.000000	-0.067680	-0.538080	2.368600	-256.365763	-235.305634	-291.058492
299	201.932502	397.334019	0.000000	254.000000	232.000000	0.000000	-3.196800	-10.656000	924.521413	152854.840705	48137.516532	-1558.783140	0	0	0	765.000000	232.000000	0.000000	0.293280	-0.156940	1.730900	-6.761480	-286.197047	-199.049484
300	198.861480	401.912324	0.000000	254.000000	232.000000	0.000000	0.222000	-10.989000	873.159112	148360.494295	48144.700816	-1759.379798	0	0	0	765.000000	232.000000	0.000000	0.406080	-0.896800	3.461800	-64.302611	-217.357362	-269.785199
301	194.563389	406.039957	0.000000	254.000000	232.000000	0.000000	3.929400	-11.588400	823.735011	143362.806250	48960.017348	-1928.890648	0	0	0	765.000000	232.000000	0.000000	0.045120	-0.089680	4.737200	-296.164861	-261.275976	-279.733378
302	190.588480	409.331092	0.000000	254.000000	232.000000	0.000000	4.906200	-13.142400	777.482511	137871.822622	49301.348036	-2360.102284	0	0	0	765.000000	232.000000	0.000000	0.586560	-0.425980	5.010500	-84.149950	-320.243308	-306.807862
303	186.001828	412.098796	0.000000	254.000000	232.000000	0.000000	7.636800	-16.561200	730.965710	131646.044577	49704.332363	-2987.051659	0	0	0	765.000000	232.000000	0.000000	0.406080	-0.381140	3.735100	-16.239891	-161.240741	-242.291330
304	180.503888	416.125531	0.000000	254.000000	232.000000	0.000000	10.167600	-18.004200	679.251009	125067.452662	49922.308083	-3449.659127	0	0	0	765.000000	232.000000	0.000000	0.406080	-0.470820	4.555000	36.256110	-171.608684	-296.174524
305	175.763654	419.938110	0.000000	254.000000	232.000000	0.000000	14.141400	-22.244400	632.469909	118865.199419	49482.134409	-3992.305347	0	0	0	765.000000	232.000000	0.000000	0.270720	-0.067260	3.735100	-32.200384	-381.734063	-268.864397
306	170.445760	423.403216	0.000000	254.000000	232.000000	0.000000	16.317000	-23.265600	594.322608	113755.258325	49658.173727	-3810.359374	0	0	0	765.000000	232.000000	0.000000	0.428640	-0.291460	2.550800	43.993562	-179.539872	-317.466627
307	163.800600	426.908976	0.000000	254.000000	232.000000	0.000000	17.382600	-19.114200	555.999108	108369.216841	50150.785837	-3237.472944	0	0	0	765.000000	232.000000	0.000000	0.293280	-0.112100	3.644000	-62.053376	-241.410111	-295.797287
308	158.790461	430.164626	0.000000	254.000000	232.000000	0.000000	17.027400	-12.276600	527.278507	104487.947997	50201.943400	-2433.412761	0	0	0	765.000000	232.000000	0.000000	0.767040	-0.493240	2.915200	-39.040603	-324.792838	-247.661293
309	159.021041	431.306496	0.000000	254.000000	232.000000	0.000000	16.672200	-11.921400	516.618407	102965.404346	49067.878664	-2446.714017	0	0	0	765.000000	232.000000	0.000000	0.293280	0.044840	4.463900	-290.836494	-392.871061	-214.946196
310	159.401337	433.486961	0.000000	254.000000	232.000000	0.000000	16.383600	-12.409800	504.636807	101677.736469	47737.967125	-2388.839438	0	0	0	765.000000	232.000000	0.000000	0.676800	-0.448400	3.826200	56.172705	-153.046175	-172.354328
311	159.255200	435.260508	0.000000	254.000000	232.000000	0.000000	16.428000	-13.697400	492.831407	100173.162000	46693.213009	-2388.744200	0	0	0	765.000000	232.000000	0.000000	0.631680	0.179360	3.097400	-41.143763	-216.282867	-273.813582
312	159.262410	436.054403	0.000000	254.000000	232.000000	0.000000	16.805400	-14.674200	482.611807	98479.063900	45721.479675	-2419.847102	0	0	0	765.000000	232.000000	0.000000	0.338400	-0.695020	4.737200	-113.255002	-244.444264	-210.418836
313	159.096089	437.334028	0.000000	254.000000	232.000000	0.000000	17.582400	-14.341200	469.925406	96491.676608	44597.758733	-2553.359722	0	0	0	765.000000	232.000000	0.000000	0.112800	-0.246620	3.097400	-20.153264	-139.699629	-204.602144
314	158.955145	438.533028	0.000000	254.000000	232.000000	0.000000	18.625800	-14.740800	460.234406	95053.605683	43742.912426	-2642.410353	0	0	0	765.000000	232.000000	0.000000	0.270720	-0.448400	3.188500	56.418857	-192.968893	-134.866475
315	159.303300	438.161777	0.000000	254.000000	232.000000	0.000000	19.913400	-15.562200	455.036506	93811.134571	43090.455691	-2784.809976	0	0	0	765.000000	232.000000	0.000000	0.180480	-0.493240	3.370700	-20.451627	-340.178162	-220.998705
316	159.309018	438.984558	0.000000	254.000000	232.000000	0.000000	21.889200	-15.673200	447.459906	92617.291006	42370.418067	-2949.611868	0	0	0	765.000000	232.000000	0.000000	0.473760	-0.717440	2.459700	18.107228	-237.622044	-183.503885
317	158.812881	439.798726	0.000000	254.000000	232.000000	0.000000	22.488600	-16.805400	440.500006	91535.340191	41929.926471	-3074.086192	0	0	0	765.000000	232.000000	0.000000	0.518880	0.134520	2.915200	-42.814391	-89.408968	-247.020720
318	159.813120	439.739945	0.000000	254.000000	232.000000	0.000000	22.732800	-18.115200	436.359306	90649.258036	41099.321408	-2945.119138	0	0	0	765.000000	232.000000	0.000000	0.067680	-0.381140	4.463900	-63.433205	-243.018909	-242.421952
319	159.923948	440.498552	0.000000	254.000000	232.000000	0.000000	21.756000	-20.823600	433.716306	90429.221889	40802.317582	-2700.256516	0	0	0	765.000000	232.000000	0.000000	0.360960	-0.291460	4.281700	109.002232	-310.629280	-285.225951
320	159.999154	440.413573	0.000000	254.000000	232.000000	0.000000	20.224200	-22.377600	438.033206	91292.065582	41175.492108	-2242.029113	0	0	0	765.000000	232.000000	0.000000	0.383520	-0.582920	4.008400	-108.621291	-292.372213	-312.448126
321	160.494619	441.025982	0.000000	254.000000	232.000000	0.000000	18.492600	-23.865000	441.028606	92186.437590	41238.548035	-1948.237080	0	0	0	765.000000	232.000000	0.000000	0.518880	-0.112100	1.913100	69.968345	-295.169913	-274.199005
322	160.665394	441.385245	0.000000	254.000000	232.000000	0.000000	15.784200	-25.219199	441.292906	92400.223290	41187.899393	-1489.819756	0	0	0	765.000000	232.000000	0.000000	0.360960	-0.582920	4.372800	-71.232351	-310.736140	-296.323434
323	161.584733	440.786679	0.000000	254.000000	232.000000	0.000000	13.897200	-27.683399	443.407306	92577.538979	40977.604709	-995.897376	0	0	0	765.000000	232.000000	0.000000	0.293280	0.112100	3.006300	3.191963	-240.662089	-295.534300
324	161.478931	441.167556	0.000000	254.000000	232.000000	0.000000	12.432000	-29.348399	448.781406	93870.510067	41521.735340	-719.917756	0	0	0	765.000000	232.000000	0.000000	0.406080	-0.717440	3.279600	-0.974053	-395.861450	-199.663410
325	161.705126	440.381979	0.000000	254.000000	232.000000	0.000000	12.698400	-29.015399	455.829406	94986.633881	42070.717492	-920.016024	0	0	0	765.000000	232.000000	0.000000	0.360960	0.134520	2.459700	116.862224	-261.461072	-306.237477
326	161.852640	440.327268	0.000000	254.000000	232.000000	0.000000	13.009200	-29.725799	463.229806	96503.400175	42685.403686	-1057.808587	0	0	0	765.000000	232.000000	0.000000	0.428640	-0.336300	5.739300	-34.037353	-211.498584	-263.741224
327	161.059323	440.666098	0.000000	254.000000	232.000000	0.000000	13.497600	-31.812599	467.987206	97653.064351	43495.047942	-995.497110	0	0	0	765.000000	232.000000	0.000000	0.721920	-0.067260	2.368600	-31.672915	-96.651037	-263.312434
328	161.036419	440.202820	0.000000	254.000000	232.000000	0.000000	14.541000	-33.655199	477.061507	99325.550779	44349.345813	-955.527296	0	0	0	765.000000	232.000000	0.000000	0.518880	-0.448400	4.737200	-19.238138	-242.045380	-258.460085
329	187.425546	429.081852	0.000000	254.000000	232.000000	0.000000	-2.397600	-25.907399	540.229207	106469.372739	35965.464347	2362.787263	0	0	0	765.000000	232.000000	0.000000	0.609120	0.425980	2.186400	109.519145	-223.744549	-219.755005
330	219.219682	430.218904	0.000000	254.000000	232.000000	0.000000	-40.847999	-25.285799	639.517909	126764.539038	22242.636240	11810.646719	0	0	0	765.000000	232.000000	0.000000	0.248160	-0.851960	4.828300	171.470867	-278.672268	-264.415759
331	251.079912	433.214364	0.000000	254.000000	232.000000	0.000000	21.889200	-89.488198	815.453611	164080.979438	2381.196678	-7379.816839	0	0	0	765.000000	232.000000	0.000000	0.564000	-0.156940	5.010500	151.473387	-215.899189	-225.833986
332	254.418975	434.494387	0.000000	254.000000	232.000000	0.000000	60.694799	-131.756997	817.303711	165499.413606	-342.429848	-18669.081751	0	0	0	765.000000	232.000000	0.000000	-0.631680	1.659080	2.368600	-30.322834	-53.502363	-283.321127
333	258.349432	433.126225	0.000000	254.000000	232.000000	0.000000	29.170799	-94.949398	756.955210	152243.544107	-3292.324954	-12407.949417	0	0	0	765.000000	232.000000	0.000000	-0.090240	-0.717440	6.741400	213.484882	-201.934212	-221.366189
334	264.620785	428.914362	0.000000	254.000000	232.000000	0.000000	10.278600	-38.827799	718.191210	141422.164187	-7627.754177	-4563.707707	0	0	0	765.000000	232.000000	0.000000	0.090240	1.659080	3.644000	44.244058	-252.339281	-8.774667
335	264.541415	427.811007	0.000000	254.000000	232.000000	0.000000	15.606600	-13.053600	673.700709	131918.014246	-7101.758930	-3224.311991	0	0	0	765.000000	232.000000	0.000000	0.000000	-0.470820	3.279600	-254.105972	-220.189580	-258.686671
336	268.424265	426.591750	0.000000	254.000000	232.000000	0.000000	5.017200	-5.816400	674.317409	131216.604477	-9726.533095	-1280.572747	0	0	0	765.000000	232.000000	0.000000	0.045120	0.470820	4.008400	-48.943982	-91.109486	-198.408911
337	272.857594	425.595984	0.000000	254.000000	232.000000	0.000000	-1.531800	-4.018200	686.915709	132984.122797	-12953.577900	325.074534	0	0	0	765.000000	232.000000	0.000000	0.067680	0.515660	3.461800	84.361558	-176.000042	-252.125606
338	275.504134	424.483019	0.000000	254.000000	232.000000	0.000000	-5.283600	-5.461200	690.175410	132847.046580	-14841.624268	1730.466593	0	0	0	765.000000	232.000000	0.000000	0.654240	-0.874380	2.459700	-91.192520	-263.441761	-264.285310
339	279.930946	424.362037	0.000000	254.000000	232.000000	0.000000	-15.762000	-2.730600	696.430510	133966.791396	-18059.102208	4594.661975	0	0	0	765.000000	232.000000	0.000000	0.383520	0.425980	2.004200	-115.588115	-195.959282	-187.575286
340	283.591248	423.482495	0.000000	254.000000	232.000000	0.000000	-21.534000	-1.953600	704.800010	134956.864480	-20855.911597	5897.994965	0	0	0	765.000000	232.000000	0.000000	0.270720	-0.919220	2.095300	-130.322418	-172.874169	-334.397346
341	286.878190	423.622544	0.000000	254.000000	232.000000	0.000000	-22.266600	-5.305800	704.711910	135038.688707	-23169.651976	5747.261341	0	0	0	765.000000	232.000000	0.000000	0.112800	0.269040	2.459700	37.643502	-402.325218	-257.775275
342	290.417662	424.141980	0.000000	254.000000	232.000000	0.000000	-22.910400	-6.837600	701.716510	134829.199244	-25554.874944	5663.041546	0	0	0	765.000000	232.000000	0.000000	0.338400	-0.605340	4.099500	-109.526934	-262.508643	-247.958241
343	292.609242	423.907620	0.000000	254.000000	232.000000	0.000000	-23.132400	-4.817400	698.633010	134072.998435	-26973.691014	5280.648766	0	0	0	765.000000	232.000000	0.000000	-0.112800	0.000000	3.461800	-123.307449	-197.211327	-215.155540
344	293.593256	424.672979	0.000000	254.000000	232.000000	0.000000	-21.689400	-1.309800	692.554110	133436.463146	-27420.472001	4675.595609	0	0	0	765.000000	232.000000	0.000000	0.203040	-0.201780	3.552900	47.088668	-275.424394	-242.159314
345	293.229436	424.297684	0.000000	254.000000	232.000000	0.000000	-19.735800	0.976800	686.563309	132024.534348	-26933.491197	4368.365789	0	0	0	765.000000	232.000000	0.000000	0.383520	-0.201780	3.279600	9.664563	-244.486328	-268.978649
346	292.727999	424.335958	0.000000	254.000000	232.000000	0.000000	-18.781200	3.885000	683.039309	131373.019977	-26452.745399	4594.661087	0	0	0	765.000000	232.000000	0.000000	0.541440	-0.224200	3.461800	74.400552	-203.800449	-268.943990
347	291.699298	424.623583	0.000000	254.000000	232.000000	0.000000	-18.004200	5.527800	679.515309	130890.673654	-25617.250187	4838.868698	0	0	0	765.000000	232.000000	0.000000	0.338400	-0.201780	3.188500	103.523723	-299.064841	-279.751665
348	290.477247	424.705591	0.000000	254.000000	232.000000	0.000000	-17.560200	6.105000	679.251009	130895.467066	-24777.206514	4972.094827	0	0	0	765.000000	232.000000	0.000000	0.360960	-0.134520	3.826200	143.418606	-263.063976	-360.331061
349	289.657397	424.868697	0.000000	254.000000	232.000000	0.000000	-16.894200	4.151400	679.955809	131142.191164	-24245.454280	4932.129563	0	0	0	765.000000	232.000000	0.000000	0.518880	-0.246620	4.372800	45.031228	-326.273743	-306.623597
350	288.916940	425.096123	0.000000	254.000000	232.000000	0.000000	-16.117200	1.864800	680.660609	131432.924881	-23766.585674	4798.826511	0	0	0	765.000000	232.000000	0.000000	0.293280	-0.246620	3.370700	45.418039	-306.932933	-279.821679
351	288.785173	424.918688	0.000000	254.000000	232.000000	0.000000	-14.341200	-1.021200	680.660609	131312.151557	-23676.896815	4514.266580	0	0	0	765.000000	232.000000	0.000000	0.000000	-0.201780	5.557100	8.785448	-326.329292	-371.304887
352	288.192408	424.688361	0.000000	254.000000	232.000000	0.000000	-12.698400	-1.221000	682.334509	131477.918264	-23330.659682	4300.635066	0	0	0	765.000000	232.000000	0.000000	0.676800	-0.425980	3.461800	-92.934551	-256.086939	-274.506229
353	287.474001	424.448936	0.000000	254.000000	232.000000	0.000000	-10.189800	-0.510600	687.708609	132348.790073	-23020.358530	3726.734207	0	0	0	765.000000	232.000000	0.000000	0.428640	-0.179360	4.008400	-158.629467	-228.280639	-295.823934
354	287.674003	423.921529	0.000000	254.000000	232.000000	0.000000	-8.103000	0.044400	691.937410	132797.685764	-23300.302636	3446.289606	0	0	0	765.000000	232.000000	0.000000	0.203040	-0.067260	3.097400	-116.395828	-284.296293	-220.490322
355	287.674952	422.837998	0.000000	254.000000	232.000000	0.000000	-6.926400	-0.088800	697.663910	133140.783758	-23493.798376	3174.949347	0	0	0	765.000000	232.000000	0.000000	0.270720	-0.201780	2.095300	-27.407895	-135.249367	-258.266589
356	287.740616	422.264872	0.000000	254.000000	232.000000	0.000000	-6.038400	0.022200	699.690210	133126.468488	-23607.978897	2908.085056	0	0	0	765.000000	232.000000	0.000000	0.203040	-0.695020	1.822000	-18.305739	-226.363047	-231.982284
357	287.805137	421.050704	0.000000	254.000000	232.000000	0.000000	-4.839600	-0.066600	702.685610	132843.209073	-23754.383649	2516.722355	0	0	0	765.000000	232.000000	0.000000	0.090240	-0.201780	2.550800	47.475478	-232.244556	-258.336255
358	287.797827	420.176501	0.000000	254.000000	232.000000	0.000000	-4.551000	0.355200	703.478510	132378.124303	-23776.045250	2334.393099	0	0	0	765.000000	232.000000	0.000000	0.293280	-0.470820	2.915200	-28.787724	-221.742828	-210.173265
359	287.972456	419.333583	0.000000	254.000000	232.000000	0.000000	-4.151400	2.109000	703.478510	131785.149804	-23898.892413	2294.177864	0	0	0	765.000000	232.000000	0.000000	0.248160	-0.246620	4.008400	-11.122511	-296.522926	-258.327895
360	287.857906	418.468591	0.000000	254.000000	232.000000	0.000000	-3.885000	5.727600	705.328610	131521.632229	-23880.949611	1933.796742	0	0	0	765.000000	232.000000	0.000000	0.473760	-0.022420	2.915200	54.298651	-351.030750	-214.955427
361	287.637510	418.094725	0.000000	254.000000	232.000000	0.000000	-2.153400	6.704400	708.940710	131930.126481	-23846.999934	1342.230545	0	0	0	765.000000	232.000000	0.000000	0.428640	-0.134520	2.915200	-90.789737	-170.561113	-231.237736
362	288.098144	418.070267	0.000000	254.000000	232.000000	0.000000	-1.354200	5.949600	710.526510	132207.857135	-24227.635202	1373.266070	0	0	0	765.000000	232.000000	0.000000	0.067680	-0.179360	3.188500	-64.488990	-316.772468	-269.074264
363	288.804813	418.036530	0.000000	254.000000	232.000000	0.000000	-0.976800	3.640800	710.967010	132265.835568	-24745.073813	1626.749739	0	0	0	765.000000	232.000000	0.000000	0.631680	-0.358720	1.730900	-80.272587	-318.148167	-355.111749
364	288.145842	417.766081	0.000000	254.000000	232.000000	0.000000	0.133200	1.998000	713.610010	132564.535211	-24366.814838	1622.241913	0	0	0	765.000000	232.000000	0.000000	0.248160	-0.358720	3.644000	-109.158243	-296.095485	-328.370788
365	287.465147	417.507187	0.000000	254.000000	232.000000	0.000000	0.821400	3.019200	716.869710	132984.483345	-23990.150442	1310.889770	0	0	0	765.000000	232.000000	0.000000	0.676800	-0.089680	2.641900	51.792708	-236.312795	-301.000749
366	287.437150	418.360029	0.000000	254.000000	232.000000	0.000000	0.577200	0.532800	715.724410	133382.422067	-23931.784283	1288.906416	0	0	0	765.000000	232.000000	0.000000	0.383520	-0.538080	4.190600	-78.803463	-320.804535	-263.995329
367	288.117645	419.474978	0.000000	254.000000	232.000000	0.000000	-0.288600	-3.441000	711.143210	133321.557283	-24262.531393	1622.750848	0	0	0	765.000000	232.000000	0.000000	0.203040	0.224200	1.913100	-85.857663	-151.220304	-349.215639
368	289.224470	419.523800	0.000000	254.000000	232.000000	0.000000	-0.710400	-4.528800	709.116910	132976.297919	-24978.267235	1934.061699	0	0	0	765.000000	232.000000	0.000000	0.406080	-0.695020	5.101600	-19.571665	-313.342852	-307.193111
369	289.964463	419.581136	0.000000	254.000000	232.000000	0.000000	-0.754800	-5.217000	707.354910	132686.437269	-25439.639759	2080.809530	0	0	0	765.000000	232.000000	0.000000	0.428640	-0.179360	3.826200	47.853653	-105.786313	-279.690534
370	290.879404	419.940557	0.000000	254.000000	232.000000	0.000000	-1.021200	-5.749800	702.333210	131996.894340	-25901.630503	2160.908777	0	0	0	765.000000	232.000000	0.000000	0.586560	-0.336300	4.463900	-24.162649	-300.789746	-242.169067
371	291.366951	419.902913	0.000000	254.000000	232.000000	0.000000	-1.354200	-5.661000	696.166210	130811.658684	-26013.608583	1974.269941	0	0	0	765.000000	232.000000	0.000000	0.518880	0.134520	4.099500	219.435656	-278.922160	-241.642920
372	292.031141	420.271061	0.000000	254.000000	232.000000	0.000000	-1.576200	-5.971800	686.827609	129309.763030	-26120.837819	1792.088648	0	0	0	765.000000	232.000000	0.000000	0.225600	-0.336300	3.552900	-42.575802	-295.112710	-355.242197
373	292.776629	420.667147	0.000000	254.000000	232.000000	0.000000	-0.488400	-6.149400	675.815109	127504.108588	-26205.831874	1405.197476	0	0	0	765.000000	232.000000	0.000000	0.315840	0.044840	3.370700	56.734265	-364.246050	-252.582088
374	293.395108	420.465034	0.000000	254.000000	232.000000	0.000000	-0.111000	-6.193800	667.093209	125723.744155	-26280.209262	1294.009979	0	0	0	765.000000	232.000000	0.000000	0.135360	-0.762280	3.006300	-40.139115	-347.405092	-258.976305
375	294.736593	419.917003	0.000000	254.000000	232.000000	0.000000	0.688200	-4.906200	658.988009	123835.051675	-26844.926116	1280.432110	0	0	0	765.000000	232.000000	0.000000	0.406080	0.336300	2.095300	-62.810798	-479.128069	-230.694173
376	296.338337	419.721239	0.000000	254.000000	232.000000	0.000000	0.999000	-4.839600	649.649409	121952.991945	-27505.075483	1111.462386	0	0	0	765.000000	232.000000	0.000000	0.180480	-0.964060	3.188500	-19.896556	-274.121039	-264.573376
377	297.824384	419.006639	0.000000	254.000000	232.000000	0.000000	1.132200	-3.152400	641.191809	119907.125249	-28099.835963	995.734095	0	0	0	765.000000	232.000000	0.000000	-0.090240	-0.201780	3.188500	-121.653866	-263.610064	-166.983320
378	298.564339	418.322180	0.000000	254.000000	232.000000	0.000000	0.843600	-1.465200	633.967609	118122.226907	-28252.347472	973.424624	0	0	0	765.000000	232.000000	0.000000	0.586560	-0.627760	3.735100	2.332040	-130.623256	-231.755350
379	298.022707	417.438081	0.000000	254.000000	232.000000	0.000000	-0.333000	-2.464200	630.355509	116891.916106	-27749.956170	1124.840454	0	0	0	765.000000	232.000000	0.000000	0.157920	0.156940	2.733000	-107.550380	-366.772827	-198.733552
380	296.869114	416.877145	0.000000	254.000000	232.000000	0.000000	0.421800	1.753800	629.826909	116440.600942	-27000.121602	302.045893	0	0	0	765.000000	232.000000	0.000000	0.157920	-0.448400	3.552900	-243.958588	-301.891166	-306.999615
381	297.014787	417.356864	0.000000	254.000000	232.000000	0.000000	-1.132200	4.306800	625.069509	115860.923819	-26887.231903	-53.486411	0	0	0	765.000000	232.000000	0.000000	0.248160	-0.112100	1.639800	79.456239	-321.963159	-112.969503
382	298.819832	419.554757	0.000000	254.000000	232.000000	0.000000	-3.929400	-2.886000	617.316709	115780.685300	-27668.031033	1281.078574	0	0	0	765.000000	232.000000	0.000000	0.518880	-0.672600	3.735100	-27.556117	-99.776911	-258.723072
383	299.567295	420.093417	0.000000	254.000000	232.000000	0.000000	-4.950600	-3.907200	613.880808	115466.938833	-27972.887940	1636.938994	0	0	0	765.000000	232.000000	0.000000	-0.067680	-0.156940	2.641900	-110.319521	-367.313021	-263.722415
384	300.066647	420.537456	0.000000	254.000000	232.000000	0.000000	-5.527800	-1.420800	610.268708	115058.510066	-28113.033149	1192.341075	0	0	0	765.000000	232.000000	0.000000	0.744480	-0.807120	2.915200	51.979087	-286.292122	-291.060582
385	300.933490	420.536655	0.000000	254.000000	232.000000	0.000000	-5.638800	-1.731600	606.920908	114426.837826	-28484.916157	1143.490362	0	0	0	765.000000	232.000000	0.000000	0.428640	-0.201780	4.555000	-65.886938	-257.140402	-306.605832
386	301.912396	421.658683	0.000000	254.000000	232.000000	0.000000	-5.661000	-4.151400	600.753908	113938.194803	-28783.559201	1263.702836	0	0	0	765.000000	232.000000	0.000000	0.518880	-0.201780	1.275400	47.967783	-350.859094	-236.659600
387	303.572391	422.565681	0.000000	254.000000	232.000000	0.000000	-5.261400	-6.859800	593.441608	113089.604010	-29418.319465	1188.284575	0	0	0	765.000000	232.000000	0.000000	0.767040	-0.246620	2.733000	8.134593	-268.141915	-274.261007
388	305.531311	422.734943	0.000000	254.000000	232.000000	0.000000	-5.439000	-8.325000	589.653308	112467.490354	-30385.608056	1059.527866	0	0	0	765.000000	232.000000	0.000000	0.383520	-0.246620	3.644000	17.165346	-480.068780	-269.031246
389	307.830756	422.859813	0.000000	254.000000	232.000000	0.000000	-5.949600	-9.257400	586.834108	112003.047909	-31589.723943	1157.481817	0	0	0	765.000000	232.000000	0.000000	0.428640	-0.022420	4.281700	-58.817613	-134.539216	-257.995243
390	310.236380	423.420330	0.000000	254.000000	232.000000	0.000000	-6.105000	-10.411800	583.750608	111741.733961	-32828.020784	1210.941366	0	0	0	765.000000	232.000000	0.000000	0.631680	-0.179360	2.459700	-17.295675	-243.753446	-317.256760
391	312.844230	422.915317	0.000000	254.000000	232.000000	0.000000	-7.659000	-11.077800	582.517208	111211.457335	-34277.776615	1437.961604	0	0	0	765.000000	232.000000	0.000000	0.428640	-0.650180	4.372800	-101.990986	-369.801086	-290.998405
392	316.001807	422.981173	0.000000	254.000000	232.000000	0.000000	-8.946600	-11.810400	581.548108	111064.739895	-36057.033718	1780.510556	0	0	0	765.000000	232.000000	0.000000	0.315840	-0.022420	3.735100	7.070172	-289.423888	-279.549984
393	319.206655	422.408972	0.000000	254.000000	232.000000	0.000000	-10.456200	-12.432000	579.962308	110430.027147	-37817.402202	1980.849471	0	0	0	765.000000	232.000000	0.000000	0.428640	-0.627760	4.463900	39.580321	-228.814941	-307.105507
394	322.424091	421.572414	0.000000	254.000000	232.000000	0.000000	-11.832600	-12.698400	578.640808	109694.335058	-39592.971395	2527.846674	0	0	0	765.000000	232.000000	0.000000	0.203040	-0.089680	3.917300	-80.053190	-360.507639	-145.227421
395	325.218188	420.064014	0.000000	254.000000	232.000000	0.000000	-13.253400	-12.654000	579.081308	108904.355175	-41241.121474	2968.146779	0	0	0	765.000000	232.000000	0.000000	0.744480	-0.627760	3.370700	-157.028094	-211.576820	-290.850193
396	327.397672	418.699105	0.000000	254.000000	232.000000	0.000000	-13.519800	-11.877000	579.609908	108212.651055	-42542.018121	3252.611250	0	0	0	765.000000	232.000000	0.000000	0.248160	-0.605340	3.644000	-81.203913	-220.845881	-167.326074
397	329.942236	416.808096	0.000000	254.000000	232.000000	0.000000	-13.608600	-10.034400	581.988608	107556.206429	-44197.516176	3465.839391	0	0	0	765.000000	232.000000	0.000000	0.451200	-0.448400	3.006300	-103.011607	-227.981090	-285.375209
398	332.926911	415.314045	0.000000	254.000000	232.000000	0.000000	-13.986000	-8.635800	584.103008	107074.285045	-46101.445951	3736.938558	0	0	0	765.000000	232.000000	0.000000	0.090240	-0.381140	2.095300	-15.606928	-241.116455	-280.057844
399	336.491566	413.979078	0.000000	254.000000	232.000000	0.000000	-15.140400	-7.659000	587.979408	106999.950537	-48503.342388	4043.767446	0	0	0	765.000000	232.000000	0.000000	0.270720	-0.156940	3.735100	-129.506295	-203.016255	-252.836192
400	338.399606	412.281812	0.000000	254.000000	232.000000	0.000000	-15.917400	-6.282600	595.556008	107367.916036	-50264.692623	4568.303329	0	0	0	765.000000	232.000000	0.000000	0.112800	-0.470820	4.281700	-66.844792	-206.932215	-145.709331
401	339.739911	409.707249	0.000000	254.000000	232.000000	0.000000	-15.806400	-3.907200	606.656608	107807.276887	-52014.683458	4865.908884	0	0	0	765.000000	232.000000	0.000000	0.180480	-0.112100	2.824100	-24.207296	-395.974203	-279.707427
402	340.560678	408.473413	0.000000	254.000000	232.000000	0.000000	-16.117200	-5.106000	614.233208	108395.830428	-53168.442710	5114.979187	0	0	0	765.000000	232.000000	0.000000	-0.090240	-0.044840	3.097400	-21.701353	-178.847400	-220.577229
403	340.590003	406.742517	0.000000	254.000000	232.000000	0.000000	-15.606600	-5.616600	625.069509	109226.219216	-54124.770324	5443.860693	0	0	0	765.000000	232.000000	0.000000	0.406080	-0.538080	3.461800	-59.757348	-386.668970	-296.253420
404	341.018215	406.133856	0.000000	254.000000	232.000000	0.000000	-15.007200	-5.838600	631.588909	109981.012377	-54959.739289	5390.433556	0	0	0	765.000000	232.000000	0.000000	0.496320	-0.515660	2.641900	-86.717586	-191.680677	-263.925489
405	341.440341	405.003301	0.000000	254.000000	232.000000	0.000000	-14.274600	-4.551000	637.932109	110364.360929	-55781.001102	5314.637340	0	0	0	765.000000	232.000000	0.000000	0.203040	-0.112100	3.370700	144.464908	-284.616874	-381.876919
406	342.909384	404.454626	0.000000	254.000000	232.000000	0.000000	-14.097000	-3.285600	643.746709	111017.097958	-57235.123185	5327.840029	0	0	0	765.000000	232.000000	0.000000	0.473760	-0.358720	4.737200	78.067773	-155.637747	-285.261307
407	345.079471	404.489433	0.000000	254.000000	232.000000	0.000000	-14.341200	-2.153400	646.301609	111480.197881	-58864.808564	5558.932196	0	0	0	765.000000	232.000000	0.000000	0.767040	-0.381140	3.097400	-15.993738	-268.569356	-274.418799
408	347.877279	404.409191	0.000000	254.000000	232.000000	0.000000	-14.829600	0.133200	649.120809	111914.393384	-60937.695433	5852.204750	0	0	0	765.000000	232.000000	0.000000	0.451200	-0.515660	3.188500	35.042621	-331.663016	-306.965305
409	350.478488	404.492911	0.000000	254.000000	232.000000	0.000000	-14.585400	1.731600	651.323309	112348.653673	-62838.687775	5989.829148	0	0	0	765.000000	232.000000	0.000000	0.270720	-0.067260	3.006300	118.199326	-305.629577	-295.753397
410	353.813089	405.003143	0.000000	254.000000	232.000000	0.000000	-14.319000	3.751800	652.292409	112848.637104	-65107.320426	6136.305918	0	0	0	765.000000	232.000000	0.000000	0.338400	-0.201780	3.279600	-65.394633	-336.796503	-312.018465

